125 
-278 
232 
-234 
-374 
-152 
316 
-16 
184 
87 
-341 
-365 
-370 
3 
241 
190 
-147 
-134 
-206 
176 
-380 
190 
-496 
91 
312 
-244 
283 
77 
431 
242 
-318 
-321 
-274 
44 
226 
-23 
-243 
-421 
-300 
448 
191 
-140 
-101 
236 
370 
173 
177 
141 
93 
-237 
378 
-125 
429 
-452 
487 
-89 
113 
-456 
-75 
-228 
451 
-152 
-309 
419 
-505 
-467 
-118 
320 
208 
-122 
-22 
26 
33 
79 
213 
-429 
-328 
-115 
-305 
275 
-403 
350 
274 
170 
427 
221 
-270 
-112 
464 
-347 
122 
-171 
308 
372 
-291 
-487 
129 
23 
439 
-448 
-64 
-480 
247 
-62 
-156 
-76 
430 
376 
-130 
-148 
-252 
-131 
-93 
-395 
-20 
227 
-294 
-347 
-262 
-368 
451 
355 
384 
269 
-221 
421 
-91 
392 
-286 
-330 
-145 
156 
370 
508 
-143 
-201 
367 
-385 
-179 
107 
-367 
-359 
-58 
-190 
61 
205 
75 
-373 
-425 
-427 
-131 
252 
461 
40 
145 
-497 
460 
372 
-183 
163 
373 
-267 
-333 
-241 
388 
163 
-163 
-111 
308 
119 
273 
-196 
-360 
299 
-507 
114 
295 
-244 
228 
7 
262 
-132 
-68 
-415 
239 
197 
283 
-91 
402 
-66 
481 
391 
-67 
399 
368 
-467 
-50 
-287 
-439 
238 
339 
-296 
155 
-143 
-386 
-451 
-307 
28 
243 
17 
282 
378 
356 
-9 
293 
-123 
-242 
333 
-300 
-454 
-179 
-198 
198 
234 
-139 
498 
149 
389 
-434 
190 
430 
116 
-51 
154 
-133 
-434 
-474 
-491 
203 
193 
346 
-201 
-148 
-41 
-488 
239 
35 
-274 
359 
-272 
-266 
205 
-31 
-290 
-304 
85 
268 
-425 
-437 
-225 
225 
502 
-339 
489 
-82 
-416 
134 
-10 
350 
-187 
-68 
229 
-194 
-318 
-4 
-188 
-182 
323 
-178 
-506 
510 
391 
-478 
-456 
-242 
-457 
-149 
-124 
-85 
-241 
337 
-189 
184 
220 
310 
-289 
-313 
36 
-314 
345 
-228 
191 
-72 
428 
-215 
-377 
321 
-308 
187 
-151 
-248 
205 
23 
477 
237 
-438 
-108 
-74 
-354 
-310 
-322 
-254 
-127 
-358 
404 
437 
145 
368 
357 
-362 
25 
-261 
-266 
-289 
-410 
-115 
97 
200 
214 
-147 
-347 
195 
-140 
-475 
-82 
161 
262 
186 
-373 
-265 
-17 
142 
-259 
-153 
367 
166 
-311 
138 
-179 
150 
-498 
-472 
365 
-372 
-279 
354 
18 
-225 
109 
-193 
-394 
117 
-161 
105 
-297 
-338 
506 
21 
265 
-25 
11 
238 
-474 
-30 
253 
165 
313 
136 
-511 
-152 
144 
12 
-192 
475 
-349 
343 
-166 
89 
-346 
-17 
301 
-414 
-238 
-201 
-65 
-160 
-417 
55 
236 
-406 
243 
368 
-239 
25 
511 
-475 
-188 
-394 
-403 
-484 
451 
-236 
205 
459 
313 
-83 
18 
388 
-160 
-499 
140 
-141 
-149 
218 
-491 
12 
71 
83 
-188 
-63 
-73 
-299 
316 
-352 
-341 
-360 
443 
444 
481 
307 
289 
361 
447 
60 
-33 
-229 
446 
211 
-73 
42 
-172 
-46 
367 
-499 
-7 
299 
-319 
-332 
277 
178 
-424 
26 
-419 
-171 
-370 
-337 
-409 
67 
-113 
-28 
390 
-421 
-478 
-408 
-284 
-238 
-381 
-203 
-25 
-113 
-5 
-451 
-99 
-38 
-290 
37 
331 
-110 
-67 
-2 
-367 
331 
-11 
-246 
-454 
303 
42 
211 
6 
-342 
259 
-112 
42 
-440 
-432 
-229 
298 
-164 
318 
375 
497 
204 
-466 
-441 
461 
495 
-289 
336 
-101 
-485 
-325 
-303 
230 
89 
-429 
-238 
408 
-480 
-280 
40 
117 
276 
296 
-157 
299 
287 
-229 
503 
310 
-255 
-354 
307 
-238 
-154 
-363 
253 
498 
295 
-430 
-106 
399 
227 
-439 
-390 
62 
-253 
59 
-61 
73 
55 
-286 
-149 
-507 
-404 
-64 
181 
-262 
237 
-477 
-344 
-85 
254 
-281 
267 
-172 
-220 
42 
-351 
-455 
144 
336 
192 
-160 
147 
-61 
97 
-71 
82 
-475 
-345 
-196 
-391 
447 
-373 
494 
-225 
-197 
437 
62 
-262 
511 
-218 
84 
-295 
-225 
-27 
-145 
365 
500 
-194 
-307 
198 
-170 
-58 
-371 
273 
-149 
-259 
315 
-105 
-69 
-327 
289 
32 
-92 
12 
-241 
246 
-90 
151 
-369 
-424 
-477 
-233 
-253 
-386 
384 
372 
-342 
427 
17 
-73 
-4 
134 
360 
69 
8 
-419 
164 
46 
-27 
74 
-75 
127 
-502 
164 
198 
60 
-6 
-293 
114 
479 
159 
408 
-15 
-108 
55 
-355 
334 
77 
193 
-156 
-428 
418 
163 
-462 
11 
-492 
-276 
428 
80 
224 
-148 
347 
39 
167 
15 
-410 
418 
66 
-456 
-355 
-215 
-73 
505 
443 
-284 
306 
-111 
-145 
14 
-99 
462 
10 
-363 
4 
-296 
71 
-214 
-285 
443 
176 
-171 
4 
-484 
501 
297 
-191 
-258 
-483 
-36 
-261 
223 
-358 
256 
93 
-451 
90 
492 
-403 
506 
502 
-472 
-410 
-459 
-394 
155 
-296 
219 
-311 
475 
-8 
23 
280 
-190 
-285 
-77 
439 
-24 
402 
262 
240 
444 
430 
98 
364 
337 
423 
472 
-259 
-29 
90 
414 
-77 
228 
-420 
148 
-473 
432 
-148 
79 
-92 
9 
502 
-251 
-452 
-231 
189 
-270 
-415 
26 
108 
-406 
-191 
-427 
-365 
425 
381 
-268 
-105 
-430 
419 
298 
-72 
420 
197 
-46 
72 
-69 
31 
472 
-112 
433 
-2 
5 
193 
439 
-244 
-444 
-65 
-6 
245 
468 
298 
-454 
-457 
73 
-208 
-404 
-360 
-378 
8 
14 
-375 
108 
78 
-89 
-370 
-110 
15 
-353 
-117 
168 
419 
-492 
125 
502 
368 
207 
-475 
-96 
335 
360 
76 
454 
-202 
-501 
495 
312 
135 
210 
-150 
-121 
358 
-101 
279 
129 
161 
247 
184 
6 
-449 
94 
14 
-57 
-157 
292 
-374 
-208 
84 
-462 
-480 
-326 
-84 
-453 
-228 
476 
37 
-328 
-404 
-49 
-232 
86 
247 
-410 
-378 
127 
-499 
376 
-4 
416 
-322 
-36 
314 
-455 
-56 
271 
418 
364 
119 
-143 
278 
-170 
18 
295 
-293 
-395 
-134 
63 
106 
37 
304 
-386 
189 
493 
-510 
367 
393 
-113 
-289 
-315 
204 
-208 
-34 
-119 
-19 
413 
-241 
-431 
-317 
222 
-342 
509 
-283 
27 
-441 
-507 
-269 
137 
451 
-322 
-357 
-510 
408 
205 
-432 
368 
112 
-362 
-41 
-316 
-446 
143 
334 
323 
-118 
419 
34 
44 
-37 
194 
-496 
-97 
-81 
159 
-324 
36 
296 
411 
437 
395 
265 
155 
-186 
-101 
474 
345 
-209 
-434 
-364 
49 
298 
153 
-13 
-471 
154 
470 
64 
-358 
-414 
-58 
-278 
-503 
486 
-228 
331 
-363 
439 
180 
93 
-219 
378 
-484 
-284 
183 
-157 
163 
-313 
-395 
140 
381 
-394 
-371 
-76 