-19 
16 
5 
36 
-26 
-63 
35 
54 
-28 
42 
-55 
4 
-36 
59 
-12 
48 
10 
-1 
36 
6 
13 
-9 
-60 
15 
6 
-3 
48 
51 
-4 
-34 
-37 
32 
-38 
-32 
-39 
-4 
27 
-7 
10 
7 
39 
-11 
-58 
-24 
3 
53 
63 
53 
9 
-54 
-47 
5 
5 
18 
-52 
-46 
22 
30 
0 
-37 
55 
-30 
17 
37 
-16 
42 
-5 
-56 
12 
14 
30 
20 
60 
-20 
-52 
7 
45 
-30 
-57 
-46 
0 
26 
-51 
6 
-29 
-51 
2 
53 
-17 
2 
-6 
29 
-44 
39 
-50 
28 
-39 
-32 
-21 
-23 
-39 
-62 
-27 
35 
23 
-26 
-62 
-29 
58 
58 
60 
31 
-42 
21 
-56 
-8 
15 
-20 
21 
48 
7 
0 
3 
13 
-57 
-62 
1 
-37 
