466 
864 
-174 
1000 
-336 
-578 
956 
727 
316 
295 
477 
-675 
-330 
230 
682 
774 
539 
-972 
-654 
-275 
-945 
395 
-943 
-345 
531 
108 
-293 
-725 
-664 
545 
222 
-347 
677 
-324 
326 
250 
-763 
224 
-829 
-389 
-361 
-354 
-152 
360 
302 
-885 
637 
435 
-324 
-686 
695 
-353 
685 
359 
612 
231 
923 
83 
223 
741 
-573 
-271 
220 
948 
-443 
227 
-996 
613 
1011 
187 
266 
878 
461 
1005 
-995 
-627 
-453 
-30 
87 
-979 
70 
-952 
605 
-1010 
-855 
-256 
-710 
-368 
441 
-693 
-465 
35 
993 
7 
632 
-798 
374 
250 
653 
644 
847 
583 
-312 
402 
-446 
-153 
392 
-151 
-291 
-227 
-46 
963 
-973 
-831 
-106 
-911 
-613 
-795 
-267 
115 
989 
118 
828 
-614 
910 
693 
-609 
-1014 
273 
504 
-912 
-669 
-56 
742 
-245 
124 
-812 
-181 
474 
304 
322 
-28 
-736 
-49 
353 
-470 
373 
-166 
-915 
-827 
-373 
455 
-811 
653 
-677 
-63 
291 
778 
-810 
-610 
-286 
-871 
-683 
698 
-842 
-115 
487 
-470 
34 
-904 
440 
1012 
-481 
732 
-633 
-168 
-519 
-933 
-976 
126 
685 
-879 
-807 
-10 
-872 
-54 
-77 
-148 
148 
-562 
-217 
476 
414 
963 
359 
-883 
373 
-803 
-668 
-799 
-799 
-891 
332 
907 
642 
791 
938 
-296 
615 
-854 
673 
47 
298 
-375 
-396 
913 
28 
-718 
377 
-505 
789 
610 
-62 
-985 
983 
-178 
-876 
-398 
-447 
-994 
830 
-976 
562 
-188 
162 
35 
574 
-150 
915 
-467 
-684 
874 
-1001 
-393 
-487 
40 
-434 
-412 
822 
846 
362 
387 
-194 
143 
-146 
-882 
-516 
305 
3 
390 
-862 
295 
357 
290 
-508 
939 
845 
383 
-308 
428 
648 
689 
-855 
-562 
621 
-805 
194 
-1022 
-743 
699 
122 
583 
665 
989 
-71 
-459 
969 
-138 
-156 
284 
456 
260 
-163 
-728 
330 
400 
384 
41 
-174 
-40 
-314 
-32 
-341 
380 
-100 
-972 
-923 
715 
-332 
643 
375 
-49 
817 
880 
-388 
604 
-900 
236 
65 
-144 
601 
635 
749 
900 
-532 
611 
496 
-348 
375 
608 
862 
-408 
474 
833 
603 
-572 
-575 
221 
80 
179 
-382 
-617 
-780 
-176 
-185 
-975 
67 
107 
643 
-126 
-798 
-718 
-208 
218 
-72 
-793 
-134 
-828 
199 
632 
-288 
579 
62 
925 
-684 
317 
-156 
-136 
-215 
-250 
766 
-579 
-1019 
830 
447 
40 
842 
-418 
-644 
546 
-489 
-151 
-282 
443 
621 
-329 
-452 
-793 
371 
878 
-685 
-792 
854 
-856 
424 
756 
-734 
591 
-524 
-531 
386 
-402 
-274 
-977 
558 
774 
-712 
596 
117 
503 
-11 
626 
930 
523 
-243 
-349 
486 
701 
-200 
-436 
-623 
-225 
914 
905 
-606 
305 
579 
-900 
-661 
716 
854 
710 
-442 
-192 
-44 
126 
-426 
616 
827 
-12 
-844 
-948 
-780 
258 
767 
-510 
446 
136 
-780 
-162 
-717 
724 
882 
399 
306 
194 
590 
-80 
-259 
-514 
168 
400 
-903 
248 
-532 
620 
-425 
-255 
283 
-1004 
-458 
-133 
709 
141 
-600 
934 
349 
64 
-780 
-80 
938 
228 
-533 
-75 
447 
420 
396 
-488 
-962 
224 
-601 
470 
-442 
147 
60 
1016 
-988 
605 
39 
-949 
198 
-475 
12 
777 
-949 
-578 
-787 
-115 
-606 
278 
-25 
714 
280 
-552 
517 
-303 
717 
160 
-923 
-619 
336 
-361 
730 
-152 
-559 
876 
-637 
794 
283 
34 
77 
-972 
311 
820 
-71 
235 
506 
-487 
-431 
-503 
860 
298 
143 
-39 
-884 
-543 
-251 
144 
211 
-984 
892 
-413 
-246 
-171 
800 
324 
679 
-74 
277 
-761 
969 
251 
970 
897 
-677 
606 
-62 
326 
-573 
978 
616 
268 
56 
592 
732 
-182 
-535 
770 
-107 
605 
-607 
315 
731 
137 
836 
316 
876 
-780 
-973 
865 
-190 
-148 
319 
73 
-383 
64 
-476 
559 
364 
-790 
777 
-187 
-925 
835 
-2 
80 
-570 
-722 
247 
323 
-501 
-557 
480 
-1007 
-16 
975 
-790 
119 
-815 
106 
-339 
-792 
-693 
-311 
-761 
492 
-927 
-836 
789 
619 
187 
332 
221 
653 
-789 
-35 
795 
-624 
537 
-865 
971 
191 
-707 
-885 
-36 
222 
888 
-564 
184 
-766 
-116 
287 
104 
367 
-353 
614 
-377 
265 
732 
297 
70 
209 
-709 
-603 
585 
-382 
-431 
-514 
940 
-89 
-239 
332 
-986 
-480 
920 
-875 
-559 
387 
544 
799 
-507 
988 
333 
212 
-93 
-817 
464 
115 
-150 
-201 
-347 
-19 
-513 
-841 
906 
-706 
151 
-735 
-520 
974 
-744 
-40 
187 
811 
-22 
-645 
-889 
410 
970 
-995 
0 
-57 
-107 
-96 
713 
1020 
-799 
-129 
351 
-428 
-233 
14 
441 
150 
-558 
-620 
950 
736 
938 
-682 
-239 
-705 
553 
887 
-995 
86 
-878 
925 
-997 
-347 
250 
-376 
719 
687 
-909 
-884 
155 
-559 
-558 
-398 
-957 
268 
-214 
-726 
-601 
-649 
321 
114 
85 
369 
-931 
-967 
664 
626 
-581 
52 
-730 
272 
430 
441 
250 
-878 
-854 
706 
-273 
88 
-816 
997 
867 
-500 
-842 
209 
578 
470 
-775 
-374 
-467 
-19 
-537 
70 
625 
-589 
-796 
-92 
157 
450 
483 
75 
618 
495 
619 
-130 
158 
297 
-345 
58 
815 
176 
-272 
721 
822 
-950 
85 
-91 
14 
744 
-993 
862 
17 
-181 
819 
-716 
-459 
-720 
830 
-446 
-297 
385 
426 
676 
673 
47 
550 
-100 
467 
733 
829 
-510 
-158 
-1009 
27 
137 
591 
-745 
121 
867 
-216 
87 
-496 
-193 
72 
-403 
-613 
-331 
-921 
-439 
424 
247 
118 
-688 
329 
724 
-14 
-974 
2 
680 
388 
-715 
-332 
495 
446 
862 
-621 
1 
784 
-864 
748 
874 
-626 
295 
691 
-58 
-154 
1017 
877 
-852 
-864 
-656 
284 
440 
841 
813 
240 
-761 
-769 
-481 
-636 
-911 
-565 
479 
-932 
159 
-265 
-155 
409 
241 
-707 
780 
-760 
859 
305 
-890 
-504 
-367 
-685 
323 
-242 
859 
-931 
912 
468 
972 
-478 
-996 
-488 
471 
-58 
177 
-961 
-78 
845 
613 
-741 
609 
304 
830 
119 
-955 
-365 
-383 
-568 
613 
817 
-216 
-303 
947 
328 
982 
731 
-441 
-317 
396 
-547 
365 
-886 
-894 
-173 
-508 
-453 
-472 
-380 
-968 
217 
-366 
390 
276 
428 
-522 
399 
-6 
659 
-303 
-928 
115 
-286 
-813 
585 
-891 
535 
-596 
636 
-509 
322 
-772 
422 
731 
949 
30 
-336 
536 
180 
874 
-234 
873 
-681 
887 
901 
729 
330 
-172 
117 
-414 
-603 
-312 
-156 
-703 
152 
521 
220 
741 
695 
12 
-561 
-803 
232 
511 
-350 
721 
-828 
-585 
-350 
-525 
-485 
-706 
1001 
-206 
1012 
-225 
885 
-575 
966 
959 
532 
-824 
-138 
-215 
109 
-671 
64 
487 
-21 
213 
-227 
-758 
336 
-390 
-877 
-449 
1003 
-926 
77 
-408 
-664 
-960 
-538 
962 
-16 
-160 
674 
-793 
-801 
86 
456 
864 
466 
-631 
168 
-175 
83 
283 
954 
-995 
-868 
-881 
-683 
953 
17 
-425 
-41 
284 
241 
-447 
-212 
-877 
780 
459 
983 
-8 
-26 
356 
-300 
-389 
-339 
787 
-592 
84 
710 
393 
-59 
-125 
-34 
323 
-771 
-226 
933 
242 
-274 
766 
820 
306 
699 
-770 
-463 
-145 
-872 
-379 
-549 
-821 
390 
-124 
-472 
-395 
-882 
-634 
748 
-323 
-197 
25 
241 
-742 
380 
216 
275 
-534 
7 
616 
561 
-412 
-347 
-246 
754 
-677 
567 
-564 
-18 
336 
-634 
188 
367 
8 
436 
654 
405 
-985 
947 
508 
530 
942 
477 
-999 
-387 
-957 
34 
-293 
-779 
774 
-881 
-766 
959 
19 
-422 
-636 
-730 
-528 
-648 
145 
-260 
811 
337 
979 
-964 
-528 
352 
-47 
884 
862 
-95 
280 
-557 
-514 
497 
-669 
263 
627 
-381 
-305 
479 
-274 
-122 
-1001 
267 
418 
337 
-943 
-672 
-775 
1010 
67 
906 
782 
-88 
538 
-87 
-107 
683 
718 
103 
432 
-750 
247 
-138 
666 
-854 
-126 
758 
414 
496 
146 
-422 
-301 
89 
-572 
-1018 
318 
-331 
-243 
647 
118 
56 
954 
-521 
32 
-56 
216 
-341 
908 
-638 
37 
93 
304 
583 
-792 
-586 
321 
-303 
-373 
-819 
-839 
-95 
-710 
-895 
-748 
-514 
1022 
-815 
537 
104 
-222 
-523 
-434 
920 
192 
436 
595 
-772 
301 
-274 
186 
522 
-996 
407 
667 
-647 
-425 
-467 
-152 
-445 
-954 
655 
428 
340 
-185 
493 
-646 
-54 
950 
958 
849 
538 
660 
46 
811 
-382 
95 
-476 
903 
-927 
-862 
131 
265 
223 
-183 
685 
-529 
-620 
-408 
-447 
11 
576 
131 
301 
-353 
-706 
138 
37 
868 
-496 
-1010 
-930 
-201 
-860 
-662 
-245 
54 
443 
65 
399 
-501 
-2 
356 
22 
1 
-749 
-664 
-99 
-655 
314 
-967 
-96 
-928 
-385 
157 
-14 
-330 
-710 
433 
409 
-555 
-383 
455 
-621 
-245 
433 
450 
380 
966 
-943 
-697 
529 
-879 
789 
541 
-83 
333 
1012 
594 
-540 
-241 
9 
969 
-963 
369 
-763 
538 
509 
563 
330 
-138 
-216 
-662 
95 
719 
684 
-239 
937 
655 
-820 
238 
601 
833 
158 
-129 
966 
-642 
496 
804 
-350 
295 
924 
55 
562 
391 
-548 
-344 
714 
-901 
966 
-510 
343 
380 
549 
59 
-915 
-519 
393 
-231 
-534 
-771 
-149 
505 
121 
-560 
518 
945 
-522 
366 
1012 
160 
357 
407 
-601 
7 
591 
-366 
-735 
311 
805 
-460 
167 
-343 
574 
-301 
-274 
-96 
-849 
734 
455 
877 
327 
-895 
-698 
455 
55 
-400 
510 
-354 
897 
-545 
406 
-12 
-818 
-173 
217 
1014 
-630 
400 
-985 
113 
-514 
197 
-919 
674 
550 
-993 
-1020 
995 
-17 
-543 
242 
544 
200 
-630 
417 
26 
268 
938 
-965 
997 
-592 
847 
85 
151 
-863 
-83 
564 
725 
-510 
63 
165 
-252 
-822 
7 
-797 
32 
27 
-144 
433 
471 
-760 
-925 
-61 
206 
702 
734 
637 
-825 
584 
-659 
-114 
71 
1018 
235 
-836 
-697 
136 
348 
552 
581 
894 
-607 
401 
-736 
588 
145 
-104 
568 
753 
-584 
-468 
-428 
510 
-743 
-929 
-318 
536 
418 
387 
-564 
437 
658 
-248 
-511 
-1013 
-411 
-432 
-512 
646 
611 
-298 
651 
-405 
215 
-939 
-123 
292 
342 
-155 
370 
882 
-527 
595 
931 
728 
140 
-599 
-132 
1023 
4 
-389 
-936 
780 
898 
-726 
-362 
-233 
-671 
-508 
-549 
-191 
42 
355 
-813 
280 
162 
-635 
-137 
-739 
-932 
-469 
966 
-561 
-537 
738 
-823 
-952 
-575 
911 
429 
-578 
656 
-187 
-852 
-990 
-499 
-743 
-519 
109 
-355 
829 
201 
-1023 
-585 
593 
-42 
839 
-119 
289 
-101 
843 
679 
-368 
-6 
-416 
-856 
564 
707 
-492 
-248 
107 
-370 
-274 
-977 
355 
-781 
499 
-419 
-551 
809 
350 
-334 
849 
-696 
-375 
-1004 
218 
-273 
1015 
-850 
-421 
447 
-785 
-187 
444 
115 
-602 
-347 
-367 
-96 
338 
758 
-156 
-603 
1007 
-824 
256 
-265 
608 
287 
922 
554 
-418 
-377 
-100 
-532 
686 
214 
347 
-115 
-633 
-701 
750 
387 
287 
-639 
-729 
352 
-106 
-147 
254 
908 
-419 
-638 
985 
244 
-861 
657 
390 
198 
-319 
712 
767 
879 
376 
865 
-491 
-283 
437 
-296 
-318 
279 
16 
685 
493 
-13 
317 
-442 
-923 
-423 
558 
-735 
153 
-65 
-353 
-690 
-555 
-629 
887 
514 
957 
56 
831 
9 
627 
-859 
-507 
684 
105 
856 
-128 
-752 
776 
821 
-493 
334 
556 
-1024 
-978 
162 
770 
864 
-173 
380 
-389 
851 
-483 
279 
-116 
-893 
174 
111 
-657 
-670 
-275 
870 
-627 
-274 
429 
-681 
-601 
-333 
380 
-103 
684 
-386 
-147 
1009 
37 
1002 
-930 
371 
614 
-691 
-526 
-872 
-477 
-508 
203 
333 
-35 
104 
-518 
-685 
-368 
-18 
180 
1021 
-400 
-390 
-337 
-277 
619 
-549 
860 
-296 
-192 
912 
-372 
-24 
-154 
903 
-880 
-451 
-68 
-614 
-401 
-693 
-409 
-809 
-83 
467 
-545 
765 
-425 
-457 
-6 
864 
-767 
363 
314 
-112 
880 
-961 
916 
-952 
-613 
213 
-781 
-875 
1012 
-566 
-112 
896 
-152 
-213 
-542 
-601 
-427 
818 
-271 
-854 
437 
-27 
370 
-136 
-459 
331 
-94 
-454 
60 
223 
-646 
-770 
849 
-556 
-121 
268 
449 
183 
-209 
-732 
-1013 
734 
210 
-665 
-561 
-975 
-154 
-683 
-170 
-410 
-448 
-342 
-906 
42 
-803 
-742 
-29 
670 
-413 
18 
517 
-170 
429 
1004 
-811 
481 
495 
-71 
120 
99 
49 
-871 
806 
-217 
1012 
194 
17 
348 
-888 
274 
-625 
214 
-974 
693 
152 
236 
881 
-460 
68 
9 
839 
647 
-707 
-774 
-827 
283 
261 
509 
-493 
312 
-667 
77 
-72 
-313 
999 
-989 
486 
-781 
-569 
-442 
318 
846 
271 
-694 
-743 
925 
-492 
-907 
309 
-107 
-48 
-74 
91 
294 
214 
-594 
435 
909 
30 
123 
933 
130 
-827 
361 
-849 
-229 
992 
41 
-293 
-1004 
144 
-843 
-181 
-688 
-334 
11 
338 
349 
-969 
-103 
-106 
-933 
988 
-678 
-753 
-974 
-665 
701 
259 
148 
-112 
355 
552 
-186 
-293 
-697 
-537 
550 
631 
624 
-793 
686 
-633 
609 
88 
894 
-967 
-708 
-660 
-727 
372 
102 
809 
563 
-992 
524 
536 
597 
911 
439 
-911 
-701 
-714 
796 
-304 
-398 
-738 
89 