26 
10 
73 
2 
8 
54 
22 
-111 
-1 
94 
80 
121 
86 
50 
-7 
-76 
-109 
25 
97 
0 
-118 
-88 
-53 
-36 
49 
64 
49 
-19 
-13 
25 
-35 
-1 
-117 
-116 
-11 
69 
-92 
-36 
117 
-2 
118 
-25 
-55 
1 
-20 
94 
-32 
-34 
-38 
10 
119 
61 
126 
-36 
-56 
-36 
74 
40 
-106 
90 
126 
58 
76 
-48 
58 
118 
-83 
-121 
-67 
-7 
49 
93 
-26 
48 
16 
-97 
85 
-91 
60 
121 
-5 
-5 
-34 
127 
-115 
-112 
-117 
-124 
-94 
-119 
-81 
53 
102 
-127 
-106 
46 
64 
23 
60 
115 
98 
-67 
108 
-49 
60 
-97 
-116 
-58 
45 
-30 
-125 
-70 
126 
-116 
-30 
-14 
-81 
57 
120 
48 
-55 
115 
32 
-107 
117 
101 
1 
106 
30 
126 
-11 
10 
0 
-16 
80 
31 
77 
63 
-68 
21 
114 
-75 
44 
102 
102 
39 
-77 
92 
57 
15 
3 
-83 
89 
37 
-74 
81 
-28 
-98 
92 
-24 
37 
-40 
-113 
74 
-19 
-121 
32 
-128 
38 
68 
-128 
4 
114 
95 
74 
-22 
-79 
66 
-104 
-59 
10 
96 
-45 
35 
-9 
-71 
13 
-125 
-121 
17 
-63 
49 
57 
45 
-51 
103 
84 
73 
-101 
47 
-33 
118 
65 
-48 
83 
88 
-99 
1 
-127 
42 
38 
-23 
100 
55 
-116 
16 
19 
-16 
91 
117 
-58 
-76 
21 
-63 
122 
-37 
102 
30 
33 
25 
59 
-128 
113 
7 
-127 
13 
-94 
34 
-103 
89 
97 
-39 
2 
5 
-6 
-33 
-88 
-3 
-17 
-76 
-19 
-125 
-17 
-19 
-69 
37