-1106 
788 
-960 
1928 
1110 
193 
778 
968 
-2012 
522 
1886 
412 
-612 
1771 
-534 
503 
-812 
1017 
299 
1440 
1461 
-1422 
-464 
-1820 
304 
678 
1994 
1402 
489 
-690 
-1432 
1206 
-1340 
-856 
1952 
-78 
-768 
-1310 
-1948 
-623 
-848 
-557 
1062 
-1970 
474 
-81 
2038 
1297 
-1267 
421 
1827 
894 
202 
-1515 
1491 
-926 
300 
-310 
-1428 
-4 
523 
-1751 
-1186 
467 
848 
-1161 
-1655 
1701 
-1685 
635 
-1115 
415 
721 
1290 
-1376 
-1321 
-504 
-589 
-1537 
-1813 
-406 
-1274 
-1963 
-1093 
974 
-576 
889 
1012 
-109 
-669 
-1722 
-1609 
-1002 
-1418 
313 
124 
440 
-1894 
-748 
1231 
1692 
-1227 
1993 
1188 
63 
-310 
-1299 
-1821 
-846 
861 
1354 
1898 
-739 
-809 
-1584 
-1228 
-655 
1052 
-196 
-998 
-1260 
1088 
-55 
-1608 
-1195 
-972 
-92 
-991 
1099 
1776 
672 
-1943 
403 
1586 
264 
-1120 
-1946 
306 
-1406 
696 
-1524 
-87 
-1835 
-912 
997 
1912 
1392 
-34 
-1076 
187 
102 
271 
-542 
391 
309 
-3 
1391 
-1410 
-498 
1352 
-1779 
-1265 
261 
-659 
-277 
1128 
296 
-693 
-1789 
-1341 
-1086 
440 
664 
1332 
1617 
-733 
1507 
1095 
89 
98 
-376 
-1440 
-1135 
600 
1353 
1921 
1655 
-1372 
-881 
-1398 
-149 
2039 
406 
-2040 
853 
-305 
-1653 
-1336 
-1692 
468 
-321 
-1383 
1057 
1081 
-1318 
-741 
-339 
1909 
1668 
970 
515 
265 
1050 
-246 
-1449 
-1874 
1374 
-1218 
-357 
614 
-348 
618 
1420 
-406 
1286 
-1804 
-1224 
-1768 
104 
60 
483 
-1816 
-1561 
-147 
-1821 
1197 
-2016 
-596 
-466 
525 
1398 
-858 
986 
-528 
-1526 
1505 
1167 
1580 
183 
-522 
-1587 
1640 
-1618 
-1884 
2040 
-2023 
2044 
-172 
-57 
1599 
-1196 
-654 
-321 
-495 
-1233 
1388 
-1441 
1042 
596 
-800 
30 
1133 
1201 
872 
357 
665 
-1968 
1759 
794 
-1835 
-967 
-1710 
1767 
-171 
-742 
923 
1638 
-749 
686 
-439 
261 
-1309 
-285 
1651 
663 
865 
129 
-1320 
1497 
-67 
1761 
1711 
513 
-136 
141 
798 
261 
1725 
-75 
88 
1089 
1896 
1774 
1646 
-1137 
464 
50 
195 
-326 
1444 
-769 
-1398 
2021 
-826 
1879 
1555 
1724 
-1427 
-1562 
897 
1514 
-1428 
1197 
-213 
-415 
-448 
489 
-320 
-703 
-1924 
853 
587 
-1625 
132 
-520 
1980 
-272 
-2004 
1430 
-1112 
-356 
-439 
-1866 
1851 
-1319 
-1376 
678 
805 
225 
921 
-396 
775 
-1672 
173 
-1769 
-1935 
1832 
1829 
609 
872 
1696 
-1070 
1316 
1926 
1987 
1048 
1156 
-592 
-274 
-1152 
971 
-826 
-1900 
1 
443 
1936 
-263 
-698 
392 
1933 
-413 
-1101 
-1708 
1519 
-1730 
149 
1555 
1124 
1932 
1347 
-1383 
860 
1561 
1891 
-633 
1174 
-275 
-213 
2011 
-455 
-2048 
1022 
-1317 
-2004 
1218 
1241 
-927 
-714 
-584 
-1518 
1945 
275 
-737 
-33 
1748 
392 
998 
-829 
-1719 
-1472 
1414 
567 
656 
482 
-2037 
1684 
1533 
1163 
1537 
495 
1913 
1810 
1932 
-1879 
-260 
1018 
1308 
221 
-1588 
-1127 
1829 
-338 
650 
1044 
-1572 
-45 
-1653 
670 
-1874 
695 
-945 
2039 
-1313 
-2008 
-1015 
2033 
1995 
-1802 
-294 
-1139 
-372 
-2014 
-1731 
732 
215 
1608 
83 
-354 
1346 
1866 
-1443 
2036 
-1852 
-481 
100 
2041 
-967 
1637 
-116 
770 
-1887 
-905 
1516 
1884 
-570 
1069 
-253 
-1632 
962 
1789 
-2033 
1850 
-1403 
-1084 
413 
-1781 
-891 
1469 
1982 
-781 
-543 
1050 
1586 
-464 
236 
1835 
-811 
1412 
-1989 
95 
-89 
-549 
1632 
1414 
1131 
-216 
256 
245 
62 
1142 
534 
1036 
1280 
1244 
-1119 
-1511 
2042 
164 
-1366 
-1635 
177 
-2014 
929 
470 
947 
663 
1729 
-1016 
-619 
-280 
-672 
-1612 
1728 
-1329 
-900 
-1239 
-1787 
1989 
925 
464 
-1581 
-385 
-537 
1484 
886 
1387 
1072 
766 
-269 
-568 
-149 
-1246 
-2010 
861 
-1619 
964 
1075 
-1965 
-333 
862 
1494 
-1611 
-1213 
-1804 
-722 
2033 
601 
-5 
-942 
-1044 
-1979 
1527 
-548 
-457 
1308 
-1831 
-628 
1886 
392 
-1395 
-1836 
529 
557 
-413 
-1899 
353 
-63 
-936 
-351 
1213 
918 
-1382 
-1851 
659 
981 
286 
-975 
-1396 
1962 
-1323 
977 
-747 
-1008 
-978 
-1239 
831 
-321 
-1351 
-318 
-432 
-2042 
1294 
19 
1982 
1875 
1511 
-1272 
465 
974 
-2044 
66 
1921 
-956 
398 
793 
716 
803 
439 
-1162 
-330 
-390 
-1789 
123 
951 
1268 
-332 
-1013 
2024 
488 
294 
1043 
113 
-1892 
1342 
-1067 
-77 
-878 
-641 
1328 
-422 
-215 
1094 
-1147 
-114 
1491 
1892 
952 
-89 
1196 
-714 
-347 
-591 
-1087 
-1081 
-408 
851 
-70 
-124 
1829 
910 
1337 
1707 
-229 
458 
2031 
1246 
-1903 
-1470 
-48 
1143 
-870 
-87 
1875 
-1258 
-800 
1236 
-1449 
222 
-1178 
-1133 
-444 
-573 
-1270 
804 
1676 
-1741 
-634 
-1451 
1419 
-797 
-1445 
1467 
-274 
1159 
1108 
1358 
-254 
-98 
-844 
710 
-1901 
-241 
1767 
565 
-1467 
-1378 
-578 
-297 
-969 
-22 
-1146 
288 
-1904 
63 
-700 
-1762 
-583 
-1971 
-1187 
1475 
266 
1598 
1985 
549 
-653 
492 
-928 
-1091 
-646 
-1975 
352 
1559 
-1025 
1870 
-230 
723 
-425 
316 
-639 
15 
-494 
1152 
-1044 
-53 
-762 
-607 
1803 
747 
-966 
129 
1508 
186 
-1281 
-1699 
-855 
1395 
149 
135 
92 
-1961 
1382 
76 
1847 
-1090 
878 
1307 
2040 
-1252 
-595 
1504 
-1906 
-487 
-208 
-296 
-69 
665 
391 
-1374 
-766 
-328 
1012 
1134 
-153 
1982 
1678 
-32 
-1354 
-1321 
-1220 
-422 
-1711 
865 
-1886 
-1652 
-202 
-1528 
-635 
1453 
881 
1445 
1343 
1200 
1393 
-329 
1164 
-1304 
349 
-1920 
-1658 
1464 
-872 
1543 
1823 
-13 
-1157 
2008 
1284 
1297 
-1276 
-1417 
1463 
1252 
-1369 
626 
-61 
-1405 
-100 
-801 
496 
-1463 
1824 
520 
-155 
-2047 
4 
417 
1634 
-712 
-643 
1699 
1208 
-1180 
512 
1270 
-1980 
411 
-765 
388 
-1743 
-1023 
863 
-1883 
-1894 
-609 
-79 
-358 
660 
-837 
-787 
1913 
-105 
1613 
1495 
180 
513 
1436 
-1354 
-219 
-1450 
-1790 
1308 
-932 
866 
-1849 
1582 
80 
-1853 
1875 
-697 
1906 
592 
-518 
1420 
-537 
-2010 
961 
1093 
85 
-1497 
-626 
-265 
-1839 
-650 
1170 
1596 
-357 
-2008 
-1957 
-552 
921 
552 
1957 
-336 
280 
-2006 
1175 
-784 
631 
-534 
1640 
1048 
274 
1667 
-1731 
156 
-46 
-1973 
-1183 
103 
-1718 
1136 
-1736 
-1554 
-1286 
1530 
-1004 
-393 
-1885 
-150 
-502 
-776 
-104 
1784 
-1690 
-425 
1022 
-130 
1618 
-1267 
1811 
1185 
1766 
-1789 
-1804 
1245 
-2030 
-934 
689 
302 
1496 
-257 
993 
373 
-1985 
922 
1333 
1266 
-1035 
-787 
-271 
163 
421 
-1449 
1307 
-1765 
1920 
-745 
1392 
1165 
976 
-901 
-615 
-1123 
-1480 
1433 
-268 
1787 
-2008 
1722 
-1028 
-948 
-1156 
1958 
164 
525 
1826 
-882 
-1824 
13 
1736 
1553 
-4 
-932 
-1573 
96 
-1714 
-899 
-120 
1841 
588 
-1080 
-741 
671 
-1375 
-979 
1312 
198 
1599 
-1487 
-1468 
-1178 
-605 
542 
685 
892 
-1678 
43 
97 
1400 
308 
493 
1325 
-194 
885 
704 
1000 
-1728 
842 
-1642 
32 
-1665 
-1773 
-1284 
-357 
676 
8 
-1650 
1273 
-1233 
1818 
-1987 
579 
-687 
551 
92 
-979 
1297 
643 
-1856 
204 
-1930 
-559 
-58 
1987 
-348 
-768 
-231 
698 
-897 
-111 
-1296 
-269 
1510 
199 
1784 
404 
-1063 
998 
-298 
-1965 
1198 
-891 
1949 
-156 
-1436 
384 
199 
-825 
-1183 
310 
-219 
-469 
-377 
25 
398 
98 
-1978 
-331 
-280 
-1427 
-1361 
97 
-200 
12 
1754 
-1617 
-319 
749 
-470 
-427 
874 
723 
725 
1450 
-1188 
1264 
302 
1753 
-1919 
-946 
2010 
186 
542 
-2000 
-1788 
863 
1212 
-1367 
10 
894 
-894 
15 
-208 
722 
2021 
1654 
-1557 
-35 
-934 
-1966 
-1889 
1535 
-504 
1131 
129 
793 
-1403 
-1248 
177 
-235 
-2047 
481 
-135 
-900 
-1439 
-1096 
1833 
2018 
410 
-1057 
-1840 
-1739 
1350 
1464 
-6 
202 
-919 
1580 
-1686 
1931 
793 
-1126 
2033 
906 
-416 
-1058 
-382 
2008 
1820 
102 
-1485 
-2005 
905 
1415 
-275 
-1940 
-1346 
99 
-77 
-1895 
-1242 
539 
-1885 
676 
860 
-1293 
895 
1978 
-1544 
-164 
-746 
-1213 
910 
1157 
-726 
968 
1335 
-870 
-688 
1603 
-860 
756 
-723 
-1717 
-973 
-229 
-1577 
-241 
-1597 
-1930 
1673 
979 
381 
-1338 
-1545 
-1724 
779 
-1674 
1177 
-975 
2012 
-1285 
-1566 
988 
-775 
-1849 
1118 
189 
805 
-42 
1996 
183 
-451 
-1372 
1340 
-1061 
400 
-1406 
-754 
-673 
-766 
-1269 
1659 
-352 
-285 
-1944 
501 
1752 
-1129 
1576 
-885 
572 
-1961 
161 
-1855 
579 
1102 
-1434 
873 
-1675 
1498 
-1775 
1819 
1557 
-947 
-1248 
554 
-708 
976 
-1739 
-1029 
1154 
-551 
156 
1798 
-1265 
1866 
-61 
980 
-304 
949 
-393 
-1269 
662 
-488 
-577 
-885 
790 
-1841 
-926 
-1852 
166 
-1032 
1486 
1928 
526 
-1608 
1640 
516 
356 
-380 
-1762 
257 
-1716 
-42 
-1584 
1591 
-1734 
635 
1094 
-1712 
-124 
-1651 
-1530 
1129 
1196 
-447 
1569 
-275 
1041 
-465 
1459 
617 
-1499 
1911 
178 
1656 
-1728 
-1872 
1947 
1349 
-441 
995 
-1859 
-1802 
-1651 
160 
-1887 
-366 
-1244 
-1855 
-1086 
-2021 
825 
1612 
-1891 
-585 
1382 
1784 
1467 
-921 
837 
1099 
-1390 
1219 
-210 
1698 
-28 
371 
-1751 
1799 
-482 
1288 
-2034 
171 
165 
428 
-200 
-1672 
977 
267 
869 
-1496 
386 
-908 
-1805 
1353 
1142 
-245 
722 
653 
-1072 
1893 
36 
1131 
1049 
-1612 
373 
-1121 
1734 
-459 
996 
544 
261 
851 
1572 
139 
-1467 
908 
-1705 
-1466 
-853 
-1257 
1703 
-1967 
160 
191 
-731 
1713 
209 
976 
1163 
-210 
1889 
-1450 
1628 
-995 
-469 
-86 
1290 
-1406 
759 
980 
-76 
-1435 
728 
-661 
-1785 
-1246 
-1025 
-452 
712 
1592 
-231 
195 
2032 
-1327 
-584 
-1484 
-1505 
1485 
-800 
289 
-1794 
811 
-785 
229 
-1405 
-612 
945 
187 
-1773 
1531 
-850 
-774 
616 
-427 
-609 
-1986 
-1800 
390 
663 
91 
-300 
-1552 
1030 
735 
1986 
1567 
2018 
668 
-1960 
-1322 
762 
-1476 
-130 
1483 
-629 
55 
141 
-576 
293 
-1568 
1866 
650 
601 
-1247 
136 
1304 
-190 
-294 
1392 
1125 
-26 
583 
912 
832 
-493 
-1733 
-505 
-744 
-1791 
1819 
1669 
81 
-987 
-1281 
1821 
1197 
1851 
1597 
1052 
1930 
1391 
-1484 
598 
-1975 
1945 
753 
-1969 
177 
-453 
-1295 
-662 
-1360 
1770 
-1029 
-1519 
636 
-1896 
-1807 
1740 
1289 
-668 
1043 
385 
1034 
-19 
119 
-1438 
-576 
1706 
-2029 
-1384 
-713 
-1778 
583 
-1298 
-1212 
-125 
-1633 
130 
-80 
-365 
-142 
-1928 
211 
-742 
-524 
-915 
-683 
251 
-319 
-1585 
1110 
-1362 
1548 
1022 
-1140 
-1907 
1919 
-55 
1477 
552 
1907 
1819 
-281 
919 
-1150 
974 
610 
-1480 
-1177 
774 
1667 
-205 
-718 
-1869 
-1911 
-1771 
1321 
-1651 
-1208 
594 
1404 
1243 
934 
-490 
1973 
1555 
1083 
868 
-1677 
1810 
867 
1533 
1848 
-2009 
-300 
1918 
-100 
-901 
1242 
-566 
780 
-1193 
-1972 
1923 
-1632 
-660 
303 
1686 
537 
1747 
924 
-1193 
124 
245 
-1627 
-1546 
1261 
1166 
1779 
1471 
-279 
-1181 
1741 
-1524 
1771 
1848 
-1257 
-973 
-2023 
-1318 
1600 
625 
-1422 
190 
1869 
-676 
-114 
-328 
185 
1986 
-1310 
1929 
1266 
1706 
564 
-1448 
-1710 
-1369 
-1309 
-2022 
1849 
-529 
131 
567 
1523 
-1852 
-666 
538 
1279 
-372 
-545 
-1137 
-1769 
-1517 
-961 
1127 
1248 
-1215 
521 
-1589 
1320 
-1087 
103 
551 
-416 
-664 
1738 
835 
-1312 
-1362 
-700 
1080 
1537 
-1868 
-559 
-222 
1354 
-163 
-1403 
1554 
-523 
-125 
221 
314 
-1 
-1259 
-365 
-1219 
-1787 
-263 
-1733 
1563 
1686 
676 
-370 
-1183 
544 
-1015 
-1346 
-1644 
1833 
-451 
-1933 
1544 
-5 
749 
569 
1116 
1308 
-141 
2026 
1246 
500 
-1728 
-73 
-1421 
1385 
1670 
-308 
-1132 
-1672 
-1949 
362 
-1188 
472 
1701 
-123 
-240 
-1583 
411 
1451 
1846 
-599 
-517 
-1826 
-1320 
-134 
-86 
0 
-2007 
-1168 
-1571 
199 
-1157 
1937 
629 
1934 
1702 
483 
400 
1627 
1714 
-1956 
176 
1018 
75 
931 
682 
-1504 
-292 
1090 
321 
269 
1372 
-750 
-1751 
-172 
1681 
-1566 
-1413 
-1715 
1795 
635 
-1304 
-1847 
706 
-627 
-2038 
979 
434 
-1814 
-1470 
169 
1554 
633 
475 
642 
-1470 
-946 
-476 
829 
-311 
1231 
-506 
800 
-1393 
1643 
1800 
-1419 
494 
174 
-485 
-170 
-1378 
934 
-45 
-1537 
466 
-515 
1303 
1574 
-416 
1115 
-94 
-1521 
1163 
1280 
1662 
-1029 
1441 
1048 
1587 
-1474 
1920 
-940 
-1790 
1481 
-1141 
704 
-101 
-719 
-1924 
-513 
1896 
-127 
-585 
1825 
-608 
482 
-1461 
-256 
306 
-433 
1962 
1633 
1300 
-43 
-1220 
746 
-1554 
1007 
-244 
-2036 
-985 
-1897 
1658 
935 
-1584 
402 
1769 
866 
949 
-1454 
-391 
1215 
-853 
1710 
1206 
8 
314 
1380 
1623 
-1784 
-758 
-1474 
201 
-1530 
-1776 
-1714 
-1464 
480 
171 
965 
1388 
1893 
322 
-928 
1002 
-89 
-1714 
1204 
928 
1206 
-939 
-743 
1653 
-940 
302 
641 
800 
-744 
229 
1040 
134 
-1367 
1361 
1564 
-990 
-1466 
1830 
502 
1385 
1717 
291 
-490 
-818 
-1647 
2007 
1540 
1671 
1755 
1713 
-460 
-1460 
-1126 
-1709 
1774 
-310 
-31 
-732 
-1853 
1490 
1521 
1788 
574 
-646 
520 
1018 
1139 
244 
1975 
-681 
-848 
-948 
-1678 
1214 
-1002 
-1528 
1206 
434 
248 
-741 
160 
-277 
1292 
338 
1356 
1888 
-1508 
-284 
-1766 
482 
-817 
-1511 
-791 
-503 
593 
-161 
970 
1986 
1630 
2015 
1221 
-842 
-2047 
1729 
-1812 
-1730 
-761 
-204 
-809 
975 
-127 
1511 
1510 
-419 
871 
963 
502 
1361 
-1636 
-939 
-349 
611 
-1261 
-1651 
-650 
1568 
1290 
-1227 
1949 
-1523 
-1077 
1593 
118 
-669 
-1170 
-840 
1524 
-1424 
-57 
244 
887 
1897 
403 
-1067 
-1153 
1242 
-529 
-1245 
434 
191 
1526 
-66 
-507 
-2009 
671 
708 
-229 
-1130 
-1817 
2031 
591 
-1261 
979 
52 
1989 
-565 
1500 
527 
-500 
-980 
-416 
-878 
-36 
79 
-330 
377 
-514 
1020 
-222 
1005 
-972 
498 
-215 
390 
-1745 
-944 
1219 
1747 
1266 
1792 
153 
-165 
1395 
-934 
1303 
-1587 
1417 
1346 
1287 
-458 
-588 
-862 
948 
1761 
2006 
144 
-1280 
487 
1827 
-57 
-318 
1269 
-1292 
-221 
943 
1629 
-120 
-731 
703 
924 
444 
-380 
-1921 
-1830 
-874 
385 
1592 
-359 
-1812 
487 
-506 
1942 
578 
1789 
817 
-1027 
290 
370 
-225 
-174 
1242 
-1635 
-690 
402 
-528 
-251 
1154 
919 
-1390 
2001 
387 
754 
-1913 
126 
826 
1520 
7 
-163 
-424 
-1965 
-1420 
-1577 
-288 
-1323 
847 
-434 
-1381 
1996 
845 
-1599 
-1166 
1924 
-1589 
-639 
-1136 
-355 
766 
674 
1600 
848 
1561 
-386 
-1157 
1673 
481 
-148 
1361 
-1895 
1324 
356 
1452 
-959 
1949 
1977 
308 
1507 
-1106 
-1837 
1505 
-164 
567 
-1694 
-464 
1562 
-139 
-1620 
1587 
569 
1961 
-367 
1876 
99 
-1029 
701 
-1934 
-1869 
-608 
1845 
2012 
-1159 
1131 
-663 
-478 
1902 
-770 
-1394 
1514 
-296 
-1543 
895 
-765 
780 
-1763 
576 
1188 
-870 
478 
-1939 
-654 
1655 
-606 
-1177 
823 
561 
-1165 
-964 
895 
-1546 
-1746 
953 
-1462 
979 
-870 
-600 
-1007 
424 
1795 
216 
507 
-347 
169 
1502 
1039 
383 
-459 
1672 
-139 
-1961 
-815 
1122 
212 
1722 
-1597 
1424 
-1353 
56 
1026 
976 
1796 
872 
632 
178 
-1232 
1365 
-1013 
-1761 
1793 
-166 
310 
1810 
1094 
1934 
-575 
-446 
1312 
875 
1754 
1069 
511 
-479 
684 
-265 
1780 
-5 
1434 
1127 
-1701 
1401 
-1059 
-1333 
1726 
1508 
-169 
-1308 
42 
-78 
1824 
574 
-1417 
-1491 
-1004 
368 
-909 
-130 
519 
-443 
-900 
-2002 
1097 
1478 
1211 
968 
1214 
317 
-1701 
-1071 
-1138 
162 
-52 
-1106 
-1554 
1699 
-29 
-507 
413 
-1373 
1230 
-500 
1136 
991 
-290 
-1923 
376 
-1795 
-1301 
1569 
-48 
-103 
-331 
-1224 
236 
182 
699 
-143 
1332 
-245 
-910 
-432 
1419 
533 
-1199 
1620 
-1173 
-1813 
1875 
1277 
-93 
-96 
-1877 
50 
1663 
1170 
632 
-1120 
-111 
1017 
473 
-298 
-1702 
-1755 
231 
-1470 
1590 
-1881 
-1488 
1206 
-1381 
1138 
-1163 
-330 
1607 
-835 
609 
1403 
-780 
-1126 
-556 
1585 
-1677 
1550 
1116 
1447 
-1276 
-1987 
-1440 
-774 
620 
402 
-187 
1645 
1716 
-908 
-1286 
1113 
785 
80 
-2043 
1944 
-793 
1411 
133 
738 
1292 
1306 
-451 
-1932 
-186 
-1629 
614 
427 
630 
-751 
-602 
636 
1980 
-2048 
929 
479 
1036 
233 
-1996 
-844 
-1221 
891 
-1030 
-1611 
-1320 
-109 
1672 
-698 
1051 
-1951 
188 
1451 
1053 
996 
-1636 
-1981 
-129 
-1061 
-1380 
859 
1979 
1667 
685 
1536 
-811 
-1929 
-941 
-439 
-1264 
-1174 
-801 
-1578 
672 
1696 
-1921 
1123 
1252 
1766 
1826 
683 
108 
419 
1120 
-13 
-1625 
259 
-918 
486 
-1299 
565 
-1775 
1832 
-1331 
-2046 
1075 
-1228 
1249 
1604 
-811 
-417 
-18 
-1427 
-520 
1932 
-633 
800 
-1244 
443 
1193 
-2040 
-221 
210 
1033 
-1270 
792 
-872 
825 
-547 
-874 
-1937 
1650 
324 
-1566 
462 
-1773 
1363 
1770 
-1255 
-1443 
231 
-1781 
-314 
185 
48 
-1279 
1559 
1455 
-1603 
-240 
1196 
609 
-1008 
-107 
1818 
1635 
-893 
-967 
-208 
-1057 
1782 
-1045 
1766 
376 
-1002 
-701 
1684 
1991 
-1003 
978 
-1842 
-1339 
-1040 
434 
-1080 
-1158 
-1001 
429 
1302 
426 
-582 
-888 
-1840 
-954 
-315 
46 
824 
-1778 
-130 
803 
1430 
-838 
1247 
-1277 
-1533 
-914 
603 
-2026 
454 
-901 
-1855 
-80 
-142 
-193 
-394 
-570 
-183 
1815 
587 
1625 
-2021 
43 
-975 
-102 
-420 
-1947 
1862 
1345 
-249 
1581 
1165 
1962 
-954 
52 
1132 
-1728 
-1613 
-1313 
-1316 
676 
10 
-1494 
-773 
394 
-1562 
717 
-1821 
1010 
1415 
717 
-362 
-624 
-221 
733 
942 
213 
1745 
-271 
1541 
-1845 
-975 
113 
857 
656 
-629 
-65 
-437 
-1575 
-1426 
-1774 
579 
-685 
-1407 
-1315 
-202 
59 
-939 
-493 
-1774 
-1005 
183 
1080 
-1379 
-354 
-1331 
207 
1056 
-2034 
-1399 
1336 
19 
-372 
1433 
-854 
-791 
-492 
887 
1062 
1500 
1530 
-415 
-708 
1589 
890 
-77 
-542 
-1116 
-238 
1935 
177 
1207 
208 
865 
-1047 
-153 
1848 
1134 
-1938 
-233 
310 
-243 
278 
-76 
-1233 
-347 
-802 
-2000 
650 
1207 
106 
1889 
1006 
-416 
-956 
1204 
1089 
342 
652 
-393 
389 
-461 
36 
545 
-1738 
-1639 
-1904 
-1490 
-2000 
494 
-1779 
88 
-1211 
1600 
-757 
588 
1670 
-1971 
1281 
245 
-249 
1066 
-200 
-649 
-1185 
689 
-1519 
2011 
-1651 
-295 
1929 
-138 
-527 
939 
1089 
1852 
623 
-1787 
180 
-885 
825 
-652 
-1022 
1720 
-1746 
-423 
1231 
-1125 
205 
1022 
298 
263 
1565 
-1201 
-1308 
1517 
-351 
926 
-655 
1512 
1279 
1224 
1736 
1754 
1900 
-780 
-1737 
1782 
392 
-82 
-1287 
-27 
448 
-1815 
1359 
1358 
-795 
-1371 
642 
1601 
779 
-947 
1381 
-1093 
1699 
1923 
2041 
-553 
271 
-1568 
-119 
-630 
-1273 
-1796 
1515 
898 
1700 
-1220 
-216 
1253 
1340 
-1625 
-771 
1084 
-820 
1348 
987 
1266 
1148 
-729 
1127 
-1635 
628 
-1158 
-237 
967 
-1898 
523 
-1443 
-764 
635 
1748 
-299 
1685 
1024 
-1126 
841 
-1420 
-1580 
-1974 
-178 
1861 
-33 
1408 
-1863 
570 
-522 
1448 
-1731 
-500 
323 
-1796 
818 
-782 
-280 
1987 
-43 
863 
1533 
-1291 
-768 
-1867 
1959 
-895 
-577 
-273 
-1185 
1254 
1926 
1970 
961 
-838 
-336 
-190 
334 
-117 
128 
-1890 
365 
1621 
280 
694 
260 
1430 
225 
-27 
1143 
-635 
-1525 
-337 
2026 
-322 
1048 
1456 
2004 
-659 
1211 
-1057 
1267 
2019 
952 
-1963 
462 
-2042 
1643 
-108 
-1806 
-1035 
-1660 
-788 
270 
-156 
2 
295 
329 
-1340 
-2006 
68 
2046 
-209 
1764 
-1896 
-126 
-298 
503 
412 
1890 
-950 
-1 
1952 
54 
449 
1045 
1541 
284 
612 
-1659 
-1682 
2003 
1953 
1261 
1910 
132 
-1191 
510 
1657 
1201 
-630 
1144 
1310 
1742 
774 
-521 
457 
793 
1255 
1638 
-1109 
1912 
869 
194 
844 
424 
-479 
-195 
-1098 
-1349 
109 
87 
1972 
-1349 
2024 
1923 
689 
642 
-1667 
140 
-1613 
601 
1482 
-1420 
1841 
358 
1718 
1656 
-1503 
1885 
-1804 
155 
1181 
708 
-1040 
-1523 
1295 
-1470 
-2010 
-1524 
-1091 
-277 
154 
381 
138 
1130 
275 
2022 
1499 
-251 
1043 
-1990 
1836 
1877 
1213 
-1755 
-350 
-1731 
183 
-1550 
-927 
-879 
583 
-1101 
-500 
-184 
-742 
290 
-1355 
1265 
80 
2046 
-209 
1902 
-1396 
99 
1328 
-38 
-1095 
-1195 
751 
683 
590 
1493 
1079 
562 
1082 
-1126 
-508 
-1640 
1916 
149 
-975 
2008 
-1239 
-572 
263 
-713 
-1293 
-1688 
-1923 
555 
-203 
35 
1686 
-1815 
-2006 
-1705 
-2004 
655 
221 
-1784 
-20 
-232 
-471 
802 
808 
147 
1746 
804 
693 
886 
1657 
-235 
-397 
146 
-140 
385 
1026 
-1310 
-732 
1009 
-958 
-1657 
-774 
-349 
1004 
-1197 
137 
814 
453 
1789 
1252 
-1002 
876 
1128 
1534 
-1244 
-96 
1747 
182 
552 
644 
1161 
-1804 
-486 
1001 
-1596 
-531 
612 
-2029 
1461 
1399 
-1397 
-784 
-1677 
1449 
-1324 
1527 
377 
-856 
-384 
-1325 
1786 
-1698 
-1042 
-891 
-1094 
505 
-515 
-1236 
-1600 
367 
-138 
-335 
317 
679 
826 
-476 
-107 
1136 
883 
1409 
67 
-471 
-412 
-429 
-786 
589 
-1573 
-800 
1935 
-518 
-1433 
1492 
-447 
-621 
864 
-508 
-1346 
1366 
-942 
567 
607 
1641 
-1481 
1070 
-1580 
-459 
907 
1741 
217 
-275 
-1907 
-96 
1382 
-2025 
568 
293 
-166 
-279 
1507 
44 
207 
-318 
1755 
-419 
-762 
1518 
-460 
1264 
-1950 
877 
583 
328 
965 
-438 
1639 
321 
654 
-1687 
1982 
308 
-852 
311 
-1459 
2045 
106 
174 
-2026 
1918 
1627 
1329 
480 
-520 
-982 
1083 
-877 
1749 
664 
560 
1362 
606 
-1409 
148 
-1524 
658 
-1280 
1306 
-1562 
-1945 
1759 
1870 
-1585 
-457 
-996 
925 
-904 
-1823 
585 
1976 
-1357 
1413 
-1598 
1056 
483 
-1134 
-2035 
-1389 
640 
-900 
-2029 
-1421 
378 
154 
1189 
1742 
-526 
-1067 
265 
320 
527 
-1903 
-67 
12 
1093 
-1421 
-25 
-1448 
-261 
-231 
-1028 
-786 
-1462 
1662 
404 
-936 
-3 
-175 
-723 
698 
-1841 
-1586 
808 
-1280 
-881 
-1124 
-20 
1603 
538 
1164 
1743 
-1725 
-1561 
687 
1272 
1692 
-1286 
-310 
-1468 
-53 
387 
-1258 
1493 
-672 
1294 
-486 
529 
-1714 
1461 
-1071 
-1939 
-1545 
387 
-217 
-1813 
1778 
-1685 
1227 
987 
-1640 
-596 
-915 
846 
-1431 
-1831 
1156 
416 
-945 
1408 
-1229 
-836 
-1656 
403 
348 
-1044 
-1877 
815 
-474 
-552 
-173 
524 
1131 
-1078 
853 
-361 
-1596 
-1864 
-1619 
-1462 
-1516 
-1956 
1544 
-1118 
-1481 
-1101 
-2016 
512 
215 
897 
-1509 
780 
996 
539 
54 
-1221 
572 
1951 
1539 
-408 
-1922 
1557 
1629 
1040 
783 
-415 
-1313 
-584 
270 
1830 
-221 
-577 
-1966 
-1855 
-175 
-1245 
-1323 
-615 
-977 
-1018 
-794 
-596 
1983 
-13 
-1857 
-923 
565 
1111 
230 
-486 
262 
-731 
1368 
192 
-1621 
513 
1886 
892 
-1369 
-1657 
562 
266 
-1307 
-1470 
256 
-37 
1914 
1899 
-1844 
841 
-56 
-1650 
-1228 
1551 
-1862 
1209 
-232 
-283 
-1760 
-1444 
452 
-1029 
1633 
-1741 
1496 
-788 
1076 
1284 
1825 
185 
-1628 
-1932 
529 
-372 
1546 
64 
-1215 
1310 
602 
-184 
1019 
-1514 
1371 
-1487 
-1120 
1566 
1798 
1713 
1483 
-953 
-1511 
-1346 
-2011 
1529 
-1970 
-1534 
-1286 
-730 
492 
362 
-2038 
-1230 
-931 
288 
-646 
-441 
-1052 
-1334 
-1996 
724 
1273 
1057 
424 
708 
-1217 
-1014 
-1838 
1679 
946 
553 
-1125 
194 
-1820 
-551 
-1213 
1701 
722 
-1416 
-1848 
-28 
-562 
894 
-1341 
966 
-161 
-939 
-77 
126 
-635 
1739 
667 
-665 
-1855 
-1900 
-796 
1020 
-210 
1491 
-1295 
-481 
1343 
1577 
-20 
86 
1491 
-907 
-1402 
308 
2009 
595 
-540 
-506 
1218 
-1806 
-175 
-1431 
910 
-884 
1882 
-1442 
1039 
-1842 
465 
945 
-1414 
1691 
-201 
1750 
-1399 
398 
1964 
-1171 
-1065 
-1600 
1471 
276 
-379 
2008 
-1749 
351 
-1252 
-1253 
1885 
1888 
1354 
-308 
-1336 
129 
1081 
771 
396 
-1708 
-1566 
-1703 
-2034 
100 
-741 
1355 
-1630 
1391 
-139 
-59 
1945 
484 
845 
741 
267 
-1669 
-1677 
-925 
-1750 
80 
1493 
-1885 
-1830 
1378 
1031 
-1045 
1608 
602 
-246 
-1437 
867 
-405 
645 
-45 
1020 
1151 
-1948 
1564 
1518 
911 
-320 
-1194 
-1830 
434 
-1297 
1760 
1631 
-1311 
1096 
1730 
-645 
1691 
-1463 
-739 
268 
-1091 
-765 
31 
-174 
-87 
1471 
-265 
-1601 
-1595 
-1675 
1023 
-608 
722 
-1197 
451 
-1975 
-1692 
-356 
1481 
1814 
725 
-1236 
-946 
1239 
-14 
-747 
941 
-1123 
849 
-228 
187 
637 
-214 
-1576 
-54 
361 
-1256 
434 
-914 
1894 
-488 
-77 
-512 
1677 
1172 
-1442 
-869 
-1733 
-1980 
-1498 
1094 
201 
-1233 
258 
1708 
603 
1847 
-442 
571 
1143 
26 
-1414 
1250 
-1887 
-1483 
1183 
1044 
259 
-1811 
313 
-1734 
-1684 
1097 
43 
-779 
1385 
-247 
385 
-1373 
-32 
393 
449 
1289 
467 
1970 
1862 
883 
570 
436 
1395 
188 
-891 
-1440 
1290 
-1300 
321 
-2020 
-83 
1969 
-52 
1205 
1737 
1899 
-1553 
1798 
744 
-995 
1222 
563 
547 
-1277 
1149 
1907 
1083 
1393 
-1170 
155 
1458 
205 
-505 
-622 
-771 
-978 
-1193 
-1647 
-839 
1655 
563 
-574 
-1495 
-1997 
563 
1547 
506 
814 
-1754 
-385 
1818 
-362 
-701 
-1891 
1212 
810 
857 
37 
-1847 
157 
348 
181 
-567 
1483 
-1841 
1241 
120 
-1476 
-1446 
-1430 
-178 
845 
864 
-1879 
-1688 
1008 
-428 
-922 
-1463 
1744 
1207 
1066 
-1046 
-1637 
775 
44 
1626 
375 
2036 
678 
462 
-362 
1147 
1978 
-629 
1080 
1182 
-1987 
1001 
1486 
-1282 
1873 
1233 
1745 
1306 
-1019 
-224 
-908 
-990 
-1542 
953 
-943 
1384 
1680 
29 
1384 
-383 
1030 
-1555 
-140 
-1920 
1533 
116 
-1010 
661 
-74 
-9 
-1034 
595 
-518 
1491 
1576 
-999 
1480 
449 
1284 
-1333 
985 
1129 
1418 
-276 
1450 
1336 
1169 
-1258 
1334 
139 
-874 
-1918 
-122 
1383 
-1124 
-1609 
-1450 
277 
682 
913 
-638 
860 
2030 
957 
-837 
1043 
-1894 
1710 
230 
-1762 
277 
482 
1576 
397 
-1849 
46 
-1016 
-1824 
-1025 
-251 
-881 
-671 
542 
416 
578 
680 
699 
757 
1081 
-1934 
-1571 
-1047 
1103 
-643 
-886 
-2022 
-1383 
-1139 
1221 
-1546 
-1819 
1593 
389 
-733 
-1487 
-1367 
1465 
946 
1897 
-517 
1252 
1145 
-1538 
-456 
1496 
-786 
-737 
-960 
213 
-1366 
466 
-1603 
-1959 
-906 
1084 
1413 
-60 
-1329 
-2011 
-1367 
867 
-323 
-66 
1635 
-38 
-964 
-575 
-1766 
1682 
-763 
1793 
1250 
-201 
-96 
-25 
-774 
-100 
1534 
119 
-518 
415 
794 
582 
-652 
-508 
1925 
-1023 
-1081 
714 
-891 
-127 
-354 
-82 
-1517 
-1318 
-1444 
-1060 
1964 
146 
-1597 
370 
-462 
-741 
-855 
1539 
-1324 
470 
-108 
-1823 
-1476 
848 
320 
-1908 
-147 
1823 
259 
-372 
839 
1449 
1874 
1317 
-379 
-112 
913 
-1205 
1861 
459 
1950 
-1427 
-1799 
-583 
-2019 
-455 
2011 
-941 
-1389 
-1440 
542 
179 
-1924 
-771 
-628 
-1124 
-702 
-1947 
-1780 
1982 
1860 
1147 
389 
1625 
339 
-1672 
-1933 
-1235 
-130 
-815 
305 
539 
371 
2025 
1853 
