145 
204 
-135 
-200 
152 
184 
-87 
-107 
13 
178 
186 
250 
254 
-85 
-41 
-141 
101 
181 
-167 
245 
-163 
-106 
-46 
147 
195 
-122 
-116 
243 
153 
-26 
13 
-86 
100 
37 
-64 
236 
82 
-17 
-7 
-143 
163 
102 
221 
-225 
-101 
-24 
-22 
115 
94 
121 
-91 
-130 
255 
164 
-39 
-191 
-71 
16 
-47 
-63 
-203 
-176 
-63 
174 
116 
-98 
168 
123 
48 
229 
-70 
-250 
200 
-74 
-202 
59 
-4 
-38 
-132 
-33 
-202 
-224 
-162 
88 
80 
-97 
155 
-215 
106 
65 
-109 
-125 
136 
228 
87 
81 
7 
-49 
65 
68 
97 
-159 
-90 
-231 
-247 
-176 
154 
-85 
-49 
-48 
-51 
-160 
-234 
-26 
-37 
57 
-30 
-201 
-48 
-68 
-178 
-226 
220 
193 
-26 
-222 
183 
-45 
191 
18 
-165 
90 
180 
-109 
215 
-61 
-242 
239 
-218 
-61 
93 
143 
21 
145 
168 
84 
-208 
-61 
96 
196 
-162 
-130 
-185 
56 
-162 
211 
-24 
222 
-108 
154 
-145 
27 
-54 
-225 
172 
-252 
117 
70 
77 
-215 
-174 
122 
-124 
208 
68 
-116 
46 
-120 
-219 
24 
-4 
177 
-190 
29 
-87 
-63 
77 
34 
-49 
229 
133 
163 
-71 
58 
66 
-240 
115 
-77 
18 
157 
-64 
-232 
216 
136 
-58 
68 
180 
121 
-35 
159 
46 
-232 
-208 
-102 
159 
200 
-38 
-250 
144 
-159 
142 
-110 
141 
117 
-146 
-221 
188 
179 
-72 
126 
-75 
-32 
-104 
217 
105 
-22 
139 
-254 
-50 
-211 
130 
-209 
-120 
69 
-24 
-211 
-241 
-41 
-157 
54 
66 
158 
112 
-158 
-231 
-89 
167 
96 
121 
-70 
-154 
-77 
159 
113 
-10 
-28 
-201 
206 
-140 
123 
155 
-52 
-163 
227 
-170 
-168 
14 
-68 
-238 
190 
-120 
143 
128 
-181 
105 
-128 
111 
229 
-79 
87 
141 
63 
-195 
232 
-67 
241 
-87 
71 
-176 
-17 
-36 
227 
-176 
-131 
72 
-211 
-34 
-134 
119 
-112 
197 
-187 
-150 
-37 
142 
40 
-2 
-178 
140 
136 
-88 
230 
-2 
-194 
87 
-247 
201 
251 
-27 
-81 
-54 
-170 
-139 
21 
196 
33 
-232 
21 
211 
43 
-204 
244 
-74 
-242 
-96 
79 
-174 
32 
217 
-29 
-137 
184 
225 
-95 
122 
-214 
-126 
-100 
-217 
182 
6 
-175 
-58 
138 
-249 
239 
-37 
24 
-184 
-228 
-86 
205 
63 
-10 
250 
96 
86 
-65 
20 
-253 
248 
134 
6 
13 
18 
165 
155 
-79 
134 
68 
-151 
32 
78 
-80 
-199 
-224 
86 
44 
-25 
-240 
224 
-191 
17 
-29 
-110 
233 
107 
-186 
240 
-209 
-96 
-197 
129 
-217 
21 
-53 
-197 
-249 
185 
-81 
-185 
-133 
141 
-208 
167 
-203 
151 
193 
39 
-73 
243 
219 
-98 
-229 
-155 
240 
-103 
153 
31 
-22 
45 
-69 
170 
-169 
58 
-55 
-212 
152 
-175 
-40 
-167 
62 
-51 
-117 
-28 
-67 
107 
172 
70 
-107 
-159 
-143 
-249 
-174 
-154 
14 
74 
7 
-244 
-189 
-244 
-186 
-52 
-39 
148 
151 
-99 
-20 
155 
200 
-83 
204 
36 
2 
42 
186 
186 
46 
36 
141 
225 
21 
91 
126 
-166 
66 
239 
-105 
-179 
-1 
-218 
-194 
-33 
-229 
180 
-4 
-136 
-183 
-107 
242 
5 
-216 