-2486 
-984 
-3627 
1321 
-2086 
1733 
2021 
-1487 
-516 
3084 
4046 
1171 
-216 
1528 
1257 
-1368 
-572 
902 
2517 
2395 
-3502 
3217 
1960 
148 
2284 
-10 
417 
1466 
81 
952 
3120 
-17 
3675 
370 
-3774 
-3271 
-2462 
-795 
-491 
-463 
2645 
-3823 
-2266 
-1787 
-4048 
-1536 
2686 
-2266 
-2934 
-2642 
-2186 
-2983 
-1504 
2569 
-3300 
-1683 
-1965 
1400 
2804 
3792 
-1494 
-2936 
-1188 
2162 
-1942 
904 
1581 
-594 
-2109 
-2749 
132 
2897 
-1029 
3745 
1971 
-3795 
-1967 
-2515 
1438 
-2381 
2169 
-3815 
-3902 
1064 
-1100 
1789 
-2713 
-3222 
-1502 
494 
-3690 
656 
-3201 
2072 
-2366 
1075 
1194 
-1079 
2407 
71 
-2192 
-1517 
2928 
-1364 
1542 
-1842 
478 
-1493 
-1328 
859 
3357 
1587 
-278 
188 
1671 
-1999 
102 
753 
-1523 
3859 
-2314 
2842 
672 
428 
-599 
-3653 
274 
1280 
3641 
-61 
2667 
3066 
2544 
799 
-1112 
2452 
542 
-439 
214 
-14 
-1178 
2602 
1375 
3624 
-1684 
1909 
1863 
944 
-3713 
477 
275 
-2049 
398 
3089 
-3352 
1115 
978 
-2649 
-348 
1651 
1733 
273 
454 
1751 
-989 
2673 
-2247 
3186 
-1627 
2861 
-1594 
3665 
2951 
-3809 
-1456 
-3781 
1401 
-1344 
-965 
3305 
3211 
-1864 
2882 
-1022 
-2560 
3279 
2750 
-2896 
-173 
2273 
-2817 
2759 
3654 
-2332 
-866 
-373 
158 
1203 
317 
-458 
-259 
2409 
-2017 
-1888 
2508 
-3487 
2170 
-1201 
61 
3847 
1892 
1790 
3532 
1432 
-1665 
1776 
-3823 
-139 
-2350 
-2153 
1576 
-3895 
376 
-4035 
1753 
284 
-3746 
-633 
-1228 
3355 
2245 
-911 
1772 
3784 
1804 
-2041 
896 
-1771 
1330 
-3763 
-375 
1428 
-3389 
-2467 
202 
891 
3914 
-3323 
4011 
802 
3632 
-2958 
916 
-3513 
-2308 
3895 
-2873 
-2801 
3447 
-3394 
-1391 
-2809 
741 
12 
-3548 
2199 
-2045 
-3985 
2118 
-2469 
-2572 
-3721 
2274 
3104 
183 
4055 
1803 
2475 
2135 
-531 
1650 
3176 
-671 
2899 
2769 
155 
-3342 
-3875 
-1382 
999 
3151 
-1013 
-4091 
1839 
-30 
673 
-2329 
-2827 
-2445 
3082 
-22 
-531 
1747 
-2958 
-1110 
-505 
3439 
594 
1245 
1731 
-3763 
-3477 
377 
874 
1709 
2517 
-3088 
-1080 
-1729 
3699 
355 
2727 
1864 
821 
-2724 
3706 
2939 
109 
-1326 
-1607 
-1901 
-643 
-3519 
-1445 
-4083 
-292 
-1163 
-2279 
-3704 
-1250 
1102 
1876 
-3167 
-2400 
-995 
1940 
1913 
3740 
-3372 
3746 
1896 
2373 
-752 
-1081 
3813 
-625 
-3861 
-3978 
2137 
1774 
3261 
2297 
-683 
-1874 
-3776 
2280 
-1341 
-3180 
3439 
2056 
-2625 
-2844 
-449 
-2003 
1170 
3827 
248 
2290 
-3383 
2924 
-1975 
-902 
3803 
2873 
-780 
-3464 
-747 
-448 
1961 
2921 
-2407 
22 
3784 
821 
1913 
-3536 
-2791 
3336 
-2872 
-2416 
1013 
-899 
1999 
319 
-1647 
-3013 
1863 
1430 
500 
1837 
-3872 
-2585 
3390 
3695 
1616 
-5 
-1956 
-120 
-3941 
2849 
3448 
2059 
-2693 
2596 
123 
1828 
1460 
-2743 
-1391 
2941 
921 
-3994 
3896 
713 
101 
-789 
-3971 
3604 
-3576 
1714 
-1910 
1568 
-3074 
-2332 
-2011 
-4011 
591 
-2355 
1877 
-34 
406 
1093 
897 
3799 
-4055 
3096 
-1776 
-234 
-2039 
163 
-3230 
-749 
1649 
611 
532 
1331 
2618 
-360 
3072 
1303 
1696 
295 
-497 
2068 
-3516 
2161 
-923 
3401 
1234 
-775 
-2172 
3230 
-216 
3610 
-2882 
-3836 
1448 
-2352 
471 
-1021 
567 
-1643 
-1847 
2305 
-2180 
-1202 
-1287 
1260 
-1459 
-3998 
1397 
-2507 
3536 
-1029 
3122 
-614 
-2895 
-3479 
1018 
-1062 
-3061 
221 
3368 
-2837 
1600 
3626 
149 
-2794 
-1054 
697 
191 
3633 
-1210 
1549 
-4049 
-2333 
-981 
-823 
251 
1697 
2360 
989 
-448 
-1961 
1527 
-4004 
-2678 
-1278 
2884 
-2639 
814 
2518 
2120 
3482 
54 
-3770 
387 
2692 
925 
-2280 
3541 
-1491 
763 
2945 
2620 
-739 
-3594 
2133 
-2903 
332 
1283 
169 
-599 
-3888 
-604 
-2979 
-2878 
-1974 
1621 
884 
-2499 
-2542 
1651 
-2118 
248 
3945 
1434 
146 
592 
-1094 
3714 
3182 
1242 
99 
-2105 
-3244 
-23 
-475 
605 
2614 
-1423 
-3386 
-2282 
-1319 
-2050 
3714 
1206 
2251 
3091 
476 
-696 
-1619 
-2951 
-3401 
-1444 
-3137 
-3893 
-3967 
-2924 
-333 
750 
390 
-1274 
-1206 
3350 
1291 
2895 
21 
-550 
-350 
3219 
3460 
-514 
479 
-52 
4084 
3832 
-2127 
2157 
2313 
-3594 
-2264 
3208 
1620 
1785 
-698 
-582 
1154 
-3841 
-337 
-1996 
1231 
463 
2573 
3873 
-2619 
-2812 
-2938 
-3659 
-2458 
-1431 
-367 
4057 
-2093 
-3165 
3538 
3543 
190 
3477 
2340 
467 
2123 
-1087 
2764 
-3392 
1013 
-1669 
-100 
3538 
-3238 
3001 
2432 
-774 
818 
1532 
-1083 
-442 
2192 
2084 
-2888 
-3526 
485 
-3604 
-3195 
3792 
-1164 
-129 
3314 
1973 
2217 
521 
2781 
1117 
22 
3150 
-1772 
-939 
154 
65 
39 
-835 
1598 
3476 
2321 
2711 
1228 
-868 
-3597 
-1851 
3402 
-2877 
-380 
640 
3990 
-2811 
-1464 
-3867 
1833 
-3955 
1476 
-3712 
1069 
3544 
-3088 
2647 
610 
1368 
3520 
-831 
1286 
-1300 
-2845 
478 
-1706 
3645 
-639 
-1593 
3157 
-101 
-1068 
-1715 
-3977 
3305 
995 
499 
-2577 
1045 
-210 
1496 
-631 
-1313 
2241 
-2346 
-1870 
1802 
-1807 
1913 
1892 
-1031 
-403 
-4093 
-3701 
3199 
-2826 
-2948 
2085 
60 
-2309 
-2479 
-1267 
-2700 
3673 
140 
-1258 
-3481 
-3432 
1357 
-1410 
1994 
3323 
-1176 
1017 
237 
-1353 
2286 
3622 
-1401 
-2804 
-3686 
1775 
68 
2460 
-3013 
133 
-1923 
-1817 
127 
-2468 
-2089 
-2451 
-732 
-3813 
-1511 
-1899 
3829 
4050 
-510 
907 
577 
1332 
-2353 
-3468 
-2790 
-1714 
-1014 
-61 
194 
2605 
-116 
-588 
3969 
3454 
2051 
2649 
2910 
-396 
-2769 
-1666 
1352 
2111 
-1771 
-2354 
1690 
-2157 
250 
2739 
3232 
3036 
-3650 
1725 
2875 
-3762 
-1891 
3714 
-2517 
1028 
-3077 
-2315 
-2722 
-783 
3142 
-3844 
-553 
-811 
3215 
-3967 
-2805 
1972 
763 
-707 
3758 
-1349 
-796 
3861 
3278 
1044 
47 
-90 
3916 
-1187 
1613 
-1054 
2890 
3037 
-2708 
-3323 
3474 
2080 
-2647 
-2419 
-2480 
3990 
-1142 
3716 
-1477 
2119 
3027 
3499 
-3967 
-1065 
-1812 
1147 
-2028 
2828 
-674 
-827 
-478 
1546 
-2881 
-1694 
3716 
-3700 
919 
1943 
-3546 
4082 
832 
3643 
-3027 
-2901 
-1802 
-1828 
-1484 
1097 
-3156 
2831 
1138 
-867 
-924 
1711 
-2374 
-2402 
-2480 
1057 
2471 
-496 
-1751 
1819 
3033 
3471 
-4088 
-57 
-2596 
-2971 
-2964 
-2761 
84 
-3996 
32 
2766 
3342 
-1840 
1455 
2497 
-3740 
-2062 
-394 
3767 
1466 
923 
1214 
-1587 
-868 
-367 
2422 
-252 
-74 
-2256 
-513 
2784 
1239 
-1044 
-439 
-3553 
1369 
3069 
1355 
-2727 
882 
-196 
2397 
-2436 
-2079 
-3942 
1957 
1227 
3269 
-2684 
580 
3521 
3646 
-3294 
1438 
2420 
3408 
-1733 
-1134 
3550 
3119 
3823 
2644 
-298 
3199 
3516 
-2488 
-1214 
4079 
1397 
-430 
2271 
-3436 
699 
12 
-155 
1402 
-1711 
476 
-3085 
2231 
2800 
3130 
3084 
-1882 
-2052 
1923 
-1110 
3260 
-2815 
-3655 
1518 
566 
-1770 
-2540 
202 
-592 
3756 
541 
-1954 
2087 
-1645 
2118 
2226 
-1325 
2057 
2701 
-2060 
-388 
-652 
-3869 
-254 
3104 
4022 
-1124 
-1239 
970 
3128 
-1208 
-496 
-3564 
-1893 
-3323 
3632 
-1057 
2694 
-3444 
-1216 
2532 
1754 
-3819 
595 
2782 
1783 
3269 
-1511 
3055 
887 
835 
-3732 
3110 
2139 
3144 
-1139 
2975 
3351 
-441 
779 
-3452 
2359 
-545 
-368 
2708 
2097 
981 
-3271 
2574 
3741 
-3731 
-3133 
1135 
-3621 
707 
2493 
-2009 
4075 
397 
-81 
-2795 
3693 
1118 
-748 
-3270 
-3725 
-2264 
3475 
212 
-2078 
3657 
1372 
419 
1360 
3886 
2205 
-2987 
-4083 
1577 
2482 
-408 
-950 
754 
-3625 
2525 
3930 
-1249 
-2671 
2641 
3040 
3820 
-2310 
456 
-3341 
210 
1023 
-3828 
3864 
4074 
2239 
1492 
3052 
153 
2929 
1022 
3345 
3084 
-2274 
324 
1277 
3880 
3958 
-137 
-1350 
-1247 
3717 
-3217 
-683 
4053 
-2971 
-1274 
-898 
329 
-3419 
1764 
-2856 
-1441 
1402 
2727 
279 
3853 
579 
1206 
-1766 
-2833 
3801 
-2910 
2087 
-1187 
2806 
-3530 
2630 
444 
-1210 
-2339 
1439 
3632 
-885 
1723 
3080 
-344 
-4013 
1678 
-2471 
-2605 
341 
4037 
2174 
1226 
3095 
-484 
711 
1313 
863 
2878 
-3559 
-2370 
3223 
3882 
-1562 
-435 
-2518 
-1502 
3391 
-428 
2862 
2482 
294 
-3060 
-1746 
-3736 
-1180 
-769 
-2696 
-718 
3404 
-3508 
-3810 
-1136 
1855 
1573 
2391 
1512 
-2869 
2007 
3190 
-3409 
3242 
-182 
-3346 
-466 
3433 
-3154 
2981 
-1677 
1675 
-2107 
377 
2813 
3452 
763 
-2652 
272 
-3530 
-3958 
-1252 
-3395 
-2971 
-2059 
-97 
-1385 
-3715 
1094 
2038 
-382 
3689 
-453 
-1833 
3000 
919 
2273 
-1573 
4053 
-676 
-395 
934 
386 
-3855 
-695 
79 
-1972 
2562 
-3746 
2344 
1850 
-280 
269 
-141 
-992 
387 
410 
1719 
-1058 
3652 
3923 
1238 
-510 
1677 
-1024 
-3307 
-385 
2624 
822 
-2527 
137 
1883 
-174 
1219 
-4055 
1494 
2462 
-3090 
-3978 
-2025 
3740 
-1112 
-1669 
-3615 
-3260 
1537 
2865 
1160 
-831 
-2596 
-1341 
-1895 
-1676 
-373 
3565 
1124 
-1028 
2570 
3800 
467 
-1837 
-2299 
3016 
-1280 
-3728 
399 
-3203 
3928 
1866 
-1142 
-2966 
3459 
799 
-1774 
-589 
390 
-784 
2204 
-1902 
554 
3571 
2066 
-826 
2654 
2979 
2950 
-2272 
1944 
2490 
-2442 
-2937 
21 
-2633 
-358 
-3306 
-2943 
-1455 
-1307 
1439 
3 
-1545 
196 
563 
1674 
1917 
-699 
-3477 
2010 
508 
2833 
2992 
625 
-4055 
1667 
3946 
-2847 
1949 
1759 
4057 
-2002 
2603 
317 
-2118 
-2086 
-243 
1205 
2833 
-3336 
-822 
-2356 
-3912 
46 
-776 
3527 
-1524 
1940 
696 
2211 
853 
2501 
2758 
357 
-3868 
707 
-168 
1975 
-2495 
-2304 
1775 
961 
-1056 
3591 
-3203 
-1466 
399 
-3309 
3073 
-2939 
-351 
-1463 
-227 
-1023 
2829 
243 
1763 
-3583 
-609 
-387 
-87 
3386 
-1558 
-2066 
906 
-1860 
3515 
-1119 
-480 
-1175 
-1777 
246 
1836 
-2185 
3796 
-10 
1041 
4093 
-3896 
3711 
4030 
-2877 
-1973 
-3932 
-3017 
541 
-1230 
1223 
600 
1411 
-1701 
-3198 
2429 
1178 
-1498 
-1727 
-2843 
-3368 
848 
2552 
1685 
-3328 
528 
-2621 
-3273 
2581 
149 
2692 
2188 
-2193 
658 
1789 
1151 
2691 
421 
1968 
-2033 
1628 
-2971 
3509 
3037 
-1289 
2032 
-1586 
-164 
-451 
-1177 
3853 
1410 
1087 
3798 
3094 
-2517 
-2393 
-927 
-1485 
-1608 
-573 
972 
-440 
267 
-2805 
-131 
2176 
1999 
1709 
2278 
329 
3868 
-2814 
-1278 
311 
1246 
-4034 
-20 
4007 
3889 
-2402 
3437 
714 
-2849 
1276 
-1995 
578 
1222 
-2304 
644 
396 
169 
-854 
3733 
1514 
-2693 
-2559 
-894 
3739 
-2084 
3595 
-871 
-19 
-1801 
-2200 
282 
-3664 
3024 
3501 
-1169 
-455 
1926 
1762 
-1672 
3445 
-200 
1029 
-304 
750 
-2333 
2946 
3333 
2003 
1545 
-642 
1358 
-3142 
2314 
2625 
52 
1716 
496 
3071 
3439 
-3399 
1557 
-2402 
2856 
-638 
2415 
994 
2571 
2313 
-3951 
-725 
3971 
2195 
-1396 
3390 
-2972 
-3441 
-1307 
3434 
-3773 
2486 
-597 
3754 
-2180 
1777 
-835 
3865 
-1008 
986 
-3573 
-44 
1587 
3349 
162 
694 
3305 
-3125 
800 
-1977 
-836 
-771 
-941 
3463 
4007 
-1835 
-822 
-3560 
-2548 
3857 
385 
-171 
87 
2584 
-987 
-2020 
-296 
-1906 
-3807 
-1416 
2538 
-3025 
-3175 
-2892 
2521 
-1544 
-1920 
3750 
3665 
3771 
624 
-4056 
-1021 
3851 
-547 
2939 
-106 
597 
-1262 
1242 
-3229 
-276 
332 
-3720 
-2538 
-2760 
-287 
942 
-3977 
-45 
-2268 
-2358 
-646 
2046 
-3250 
-3012 
1971 
-1335 
608 
-3881 
2209 
-3182 
436 
2672 
-2019 
-1400 
-2123 
-968 
-966 
-2438 
-3545 
-2432 
-3129 
-3109 
-2716 
-3466 
2107 
-3719 
336 
-975 
-4072 
-415 
7 
-136 
-1526 
-1430 
-3559 
938 
-2622 
489 
-1535 
-1979 
2974 
2098 
3530 
-2044 
866 
3857 
-3748 
-3736 
-2189 
2937 
2029 
1857 
2488 
-3795 
1855 
-808 
1452 
3535 
3894 
-3298 
-2678 
1015 
-911 
3589 
-950 
3010 
-1727 
-1100 
298 
-1833 
-2164 
1609 
-1303 
3681 
3320 
703 
1726 
-482 
1005 
-869 
-3593 
3445 
-2534 
-1615 
1121 
1473 
-3177 
-3806 
-2594 
-573 
1053 
-808 
-3014 
-1587 
-1371 
2004 
2100 
-659 
-103 
2813 
1216 
499 
2063 
-766 
-3215 
-2919 
-1295 
-3318 
72 
-2008 
3559 
2905 
334 
-1727 
3575 
-1917 
3888 
2452 
-1419 
3214 
2146 
-3293 
2020 
-3168 
-2853 
1429 
-3114 
-895 
2852 
-125 
4061 
-3293 
-2623 
1511 
-1767 
-3494 
2316 
3210 
2541 
1054 
-1024 
2430 
-498 
-1070 
-3599 
-3902 
1357 
-271 
4005 
3836 
2654 
3169 
1153 
1348 
-1935 
-3815 
-3793 
-3051 
-1893 
1247 
514 
-10 
38 
-3975 
-2397 
-855 
1911 
-2130 
3117 
-2259 
-1808 
-2344 
-2393 
1710 
1393 
-1495 
-2680 
-1810 
-914 
-3145 
-3801 
-2183 
-2400 
3552 
2318 
-2574 
-3972 
3707 
501 
-1180 
3202 
-3424 
-3185 
2921 
2692 
-942 
4 
546 
274 
1557 
1979 
-2433 
3880 
-3272 
-1348 
-1904 
140 
-2454 
3403 
-3727 
3415 
1728 
3857 
-978 
2235 
-1297 
3137 
1012 
-1143 
-1194 
3825 
1226 
199 
138 
3797 
4000 
-2376 
-1540 
4033 
1650 
2536 
-184 
1798 
-2851 
3182 
2172 
1939 
-2054 
1934 
784 
122 
-2583 
-3072 
353 
3279 
-1550 
-781 
-3267 
3014 
-1224 
1773 
-1277 
-3818 
3642 
-474 
-3234 
-586 
3982 
1289 
-433 
3622 
2519 
-3031 
-3289 
-3108 
-3591 
-285 
-1061 
-3440 
2311 
-2626 
3133 
3844 
-1842 
-66 
-1727 
3104 
-3829 
-1547 
550 
-802 
-3428 
8 
-1874 
-2351 
-3211 
3535 
-1199 
-1126 
-1781 
2621 
482 
-1729 
-3023 
-1161 
-1565 
-829 
1397 
3510 
-2593 
-3453 
1542 
-2053 
-2170 
-4036 
2028 
-561 
-2598 
-3718 
2174 
-3157 
-3805 
3239 
1877 
3981 
511 
-1421 
3773 
-3714 
1584 
57 
3108 
3252 
3548 
1612 
-2008 
-3268 
-3386 
-3251 
1822 
2303 
-414 
1312 
2571 
-3481 
-928 
3518 
2697 
3330 
-1889 
1677 
1284 
2338 
1764 
131 
1532 
506 
-1944 
-1350 
318 
-1367 
-3553 
3729 
1032 
-3426 
-3223 
2387 
-3601 
-2004 
-2155 
-3444 
3267 
3778 
-2263 
-355 
2837 
3366 
1330 
2666 
2342 
2685 
-2116 
2786 
934 
3481 
777 
1694 
-3788 
3362 
2320 
1407 
-3325 
-3878 
-3851 
-2066 
-3680 
-3760 
-560 
-3372 
-3666 
-2851 
-2915 
-595 
3502 
-2802 
1310 
-3226 
-3102 
-1981 
2308 
1412 
3806 
1959 
-1158 
672 
2026 
3246 
1653 
1681 
-2570 
735 
-1189 
1149 
-1386 
-2271 
3133 
793 
-2116 
3525 
3870 
-3179 
385 
2438 
-2729 
1706 
-1090 
2366 
-2004 
3069 
3417 
-2377 
3533 
2545 
-2967 
-1744 
3653 
-3218 
3502 
-1624 
-1975 
557 
-648 
230 
1562 
-967 
-961 
166 
-1577 
1963 
-1821 
-467 
-2172 
-2404 
-2269 
1754 
-2640 
3365 
548 
-2982 
444 
-3342 
1945 
137 
868 
-1643 
1213 
3897 
3915 
-141 
3737 
-1564 
-2184 
-2464 
3255 
3505 
-1196 
3348 
-3876 
1123 
-3789 
3444 
1737 
-852 
-2240 
318 
303 
3076 
2034 
1368 
-1612 
-2923 
2508 
3326 
-3423 
3094 
1805 
1235 
2894 
1692 
-2110 
3708 
2869 
-1437 
2306 
3130 
415 
-3435 
-1362 
1646 
1126 
-16 
-3786 
16 
860 
-1235 
-1224 
2382 
9 
-2108 
-185 
-2255 
741 
-1041 
-3408 
2874 
-2393 
3700 
-86 
-470 
-1039 
854 
715 
-2756 
1952 
116 
-3383 
2577 
-551 
749 
-1410 
-1039 
-1018 
-1663 
1715 
1680 
889 
2142 
1066 
-3723 
-1440 
-851 
3814 
1411 
-2710 
1013 
-1178 
1919 
-1028 
758 
649 
-1549 
1117 
1036 
2037 
2732 
3043 
1410 
-3321 
-2866 
3886 
111 
-2193 
3329 
-3110 
-3854 
912 
3917 
823 
-2617 
2174 
-1118 
-685 
2172 
3540 
3427 
-2715 
1697 
-3943 
-1317 
-3427 
2511 
-3881 
2622 
-2229 
-330 
-1951 
-1133 
-2072 
3582 
1129 
-3763 
1426 
3226 
-1329 
3647 
1099 
4095 
-2431 
-46 
-1054 
3842 
188 
408 
-1989 
3738 
3921 
3480 
-439 
3162 
-969 
-465 
2401 
3546 
-600 
1750 
311 
-2458 
3713 
3106 
-1267 
2926 
-318 
-2587 
1747 
-2234 
1915 
1336 
-241 
2456 
-3223 
-1813 
2945 
-3563 
3741 
937 
1036 
1460 
-37 
1587 
-3251 
-235 
941 
1254 
1221 
378 
3245 
-3752 
-2363 
-1486 
131 
-2117 
-165 
-1641 
1126 
-1008 
4056 
-1452 
-664 
1581 
-3129 
-1962 
-935 
-296 
-495 
-1819 
3778 
-640 
1625 
2170 
-2344 
72 
1414 
-3435 
1222 
466 
1370 
672 
-1664 
1397 
3261 
-711 
1356 
-302 
-1955 
1738 
3101 
561 
-3180 
-3457 
979 
1024 
3127 
3084 
-1231 
-2669 
2128 
982 
1280 
-3817 
-1 
2427 
3291 
3519 
-91 
-3638 
287 
1573 
3538 
-2576 
-2156 
1359 
2479 
-2098 
-990 
-3348 
1424 
-2222 
-2111 
3445 
1930 
1358 
2564 
569 
-4056 
-2433 
-1060 
327 
1073 
-2690 
-3236 
-2101 
-2205 
2590 
1679 
-3759 
1865 
338 
2122 
2699 
-1877 
2308 
-1339 
-3589 
310 
448 
1772 
-3897 
-1922 
-3076 
1901 
-1054 
3573 
1057 
3779 
-1738 
228 
1848 
-2255 
-1321 
-275 
3964 
2968 
2441 
3679 
1220 
1079 
-359 
1021 
1820 
-3963 
-3484 
3456 
3026 
-1914 
24 
2261 
-2624 
1811 
-1897 
3695 
-3127 
-1702 
-2441 
3478 
-926 
-420 
-910 
-942 
1658 
-398 
2193 
2226 
118 
2920 
2597 
-3135 
-1537 
1503 
586 
-1070 
1828 
3606 
-1759 
1526 
-3793 
-3665 
-1901 
-2436 
3564 
3340 
-2964 
3521 
-3915 
1621 
-3212 
1819 
1239 
-2228 
-3345 
-2123 
-172 
-2196 
2809 
-2566 
-3283 
-3259 
3274 
114 
-3855 
-3044 
649 
-2667 
1365 
-1723 
-1606 
-3514 
1649 
-2830 
-2682 
-1882 
2421 
2675 
-847 
-2341 
-2139 
2772 
-1857 
-2010 
-2030 
1423 
-3644 
521 
2262 
-1739 
3514 
627 
3766 
2020 
-626 
-4034 
-1338 
-653 
1890 
-3928 
-887 
-3333 
75 
3435 
-3528 
2530 
2865 
-2019 
2923 
-2346 
2769 
-1852 
885 
3249 
3693 
-1030 
3070 
1161 
2241 
-514 
-407 
-1651 
3251 
1435 
-2094 
3650 
290 
1588 
2388 
-1945 
-1187 
641 
-1364 
-2056 
-2610 
-3853 
2640 
-2904 
3355 
-3236 
672 
-2286 
2553 
-1704 
-3292 
3455 
-3736 
-1597 
-2413 
-2162 
-3777 
920 
-2244 
-1318 
-731 
2281 
871 
-3490 
-1371 
3249 
2260 
-1510 
-3020 
2491 
-3594 
-3403 
-2571 
-1944 
-3917 
595 
-173 
908 
2740 
-2214 
-2569 
284 
2843 
-1663 
-2512 
-3972 
4007 
2326 
3847 
-1685 
3293 
2763 
2817 
4000 
2585 
2184 
1943 
257 
3262 
-3692 
-3158 
1749 
3922 
-1066 
-220 
1120 
1968 
3521 
969 
-1240 
-2501 
2009 
-1983 
-1354 
-3678 
833 
3016 
-3969 
-41 
127 
-3233 
-2696 
239 
406 
-1448 
69 
3328 
-1706 
492 
-1369 
-54 
-2127 
-3966 
2700 
1498 
-1712 
3210 
3367 
3377 
3381 
-3119 
3646 
-3576 
3062 
-3307 
-2563 
-2459 
-1079 
3770 
-3417 
3234 
-386 
-3536 
-2643 
-3590 
-3627 
-793 
-87 
-1149 
2105 
-1989 
-448 
1797 
927 
-2154 
2510 
-136 
3098 
2655 
-2800 
3353 
-1918 
-2626 
-2989 
-3694 
3125 
2744 
-330 
-2781 
-2182 
-965 
-738 
-3696 
-4056 
-1707 
-3 
3935 
-1784 
3014 
3487 
2635 
1194 
3091 
3081 
2066 
-3059 
-2807 
1882 
682 
-878 
-3014 
2656 
-1328 
-2082 
-351 
-3107 
-2945 
-1346 
-800 
-2335 
891 
3969 
-2700 
1477 
-2424 
2205 
-1535 
-1502 
-910 
180 
-2759 
-3250 
2917 
-2554 
1645 
-1530 
648 
-785 
-2654 
757 
-678 
-2705 
3471 
2268 
479 
2891 
-4055 
1901 
-2741 
-1411 
-2513 
1205 
-1576 
4081 
743 
572 
-3268 
-3755 
-2995 
2296 
-3416 
34 
3735 
-3297 
-2194 
-3589 
-3522 
2500 
3175 
2531 
-4032 
-442 
1256 
-670 
1092 
2808 
-580 
-1361 
670 
3177 
-3824 
-1819 
-2600 
1073 
1915 
632 
2037 
-2674 
4030 
265 
-2849 
1914 
-3347 
3772 
-1437 
2638 
-2057 
3483 
3368 
2497 
445 
1341 
1905 
1868 
-1213 
-175 
3443 
-1378 
2218 
-389 
2820 
2929 
-1937 
2647 
3937 
3154 
425 
1464 
-2427 
2934 
-3539 
2370 
-2890 
1377 
-2531 
-2290 
-3472 
-3041 
755 
-1771 
-433 
-3471 
-2213 
-3156 
-3291 
-1926 
2348 
-3792 
3132 
-3677 
-3650 
-3841 
3411 
2656 
-1642 
-1757 
-1401 
-2070 
-520 
318 
-3382 
-3763 
2435 
2687 
2838 
-673 
3214 
-1432 
1588 
-339 
-2217 
-2558 
840 
3808 
182 
-2944 
652 
-399 
-618 
2430 
-3386 
-1585 
2562 
-1960 
2780 
-2067 
-3218 
-2263 
317 
533 
1978 
1559 
-2262 
-878 
1420 
-252 
398 
-3328 
-815 
-2791 
-713 
346 
2766 
-1958 
813 
254 
-1824 
-2414 
1540 
-3242 
552 
-3234 
3412 
-881 
-1859 
-1794 
-831 
235 
476 
543 
-1071 
1611 
139 
3084 
2114 
3854 
3057 
3139 
-1499 
2082 
-3717 
-3249 
3488 
1251 
-1901 
524 
-2095 
-3717 
-344 
-3635 
-3789 
-50 
-2855 
-3754 
1925 
-3524 
1747 
247 
2712 
-213 
-3283 
2677 
2860 
-3046 
-1030 
-1165 
2319 
2214 
-1430 
2795 
-2139 
-1515 
1568 
1688 
-2332 
3343 
361 
2344 
-755 
-1195 
-3118 
-2733 
1341 
-3693 
-2380 
-346 
-1114 
268 
-3765 
-1119 
3367 
-3584 
-2400 
3285 
312 
1655 
1623 
-3157 
-206 
-2370 
1548 
-2674 
-2047 
-2469 
868 
3073 
-3952 
-3070 
3251 
-1860 
-2504 
760 
3958 
-1466 
-3301 
-2122 
-72 
-186 
-971 
-1118 
-3339 
-474 
3395 
-4005 
-3063 
3659 
1885 
3766 
1697 
-461 
-2215 
-3773 
1982 
3570 
-3866 
-2305 
-1485 
-3372 
-706 
1837 
-1366 
-959 
-1610 
2309 
-3204 
2862 
1550 
-2963 
2007 
3714 
1911 
3892 
-2773 
-888 
3788 
1169 
-865 
2817 
-3290 
800 
2960 
-418 
-1600 
-2728 
1477 
2294 
-417 
-2408 
3599 
-3081 
-3679 
-2593 
-2118 
1454 
-3412 
2231 
-2762 
-4096 
1595 
-2921 
-2796 
-973 
-2767 
-3745 
-2121 
-2222 
-2096 
439 
1248 
1964 
-1786 
291 
-3135 
3501 
-290 
3482 
2677 
-3807 
-3166 
3044 
-374 
2541 
-82 
375 
248 
-463 
2255 
-3607 
2336 
3784 
860 
-820 
-311 
2201 
3717 
-624 
-39 
-3609 
964 
683 
-2147 
-2684 
3380 
-3282 
261 
-2873 
-3033 
-2035 
-2045 
4047 
-516 
-765 
-38 
-1675 
-2573 
-203 
2488 
-3715 
-420 
3769 
443 
-3861 
-2153 
-995 
-2558 
3803 
-22 
-3563 
-410 
368 
-3353 
685 
-3555 
-1805 
690 
2594 
1737 
-3828 
243 
-1629 
2421 
3320 
2518 
-1446 
-3448 
-1337 
765 
-1106 
-3511 
956 
-3037 
1232 
-3708 
-748 
-3464 
-2967 
769 
3616 
-2742 
-827 
-750 
1134 
1467 
-90 
-1686 
718 
-1936 
-1432 
935 
-2351 
-1148 
3945 
-3921 
-2658 
-1563 
-3832 
2633 
-3210 
3310 
4054 
-55 
554 
960 
582 
27 
-2632 
-1023 
2137 
2011 
326 
-4043 
1875 
721 
-3355 
-2904 
-2553 
-1864 
3134 
1160 
3240 
-2546 
54 
-466 
3402 
424 
-1833 
114 
1293 
-3086 
-3859 
3363 
-2118 
1316 
-448 
-23 
1575 
627 
3132 
-24 
-263 
-1990 
-2747 
2118 
-3273 
-164 
-2257 
-3143 
1610 
-1811 
1346 
3497 
-3556 
-1007 
-1895 
3226 
-1410 
-1354 
2936 
2753 
767 
2698 
-3182 
11 
-1334 
3364 
906 
2787 
-2920 
1593 
-1853 
-3866 
3310 
-2497 
3621 
1425 
-2754 
3543 
-149 
-3464 
-3052 
328 
1492 
657 
3206 
3667 
-2890 
-1743 
-1134 
-1534 
610 
3746 
-1684 
2944 
-1408 
-1780 
-2608 
-2642 
-2018 
-3312 
1693 
74 
1674 
-3022 
-3243 
1149 
2713 
1352 
182 
-367 
-2165 
2032 
3829 
-3798 
-3674 
-75 
-1595 
1553 
1876 
-1379 
-1523 
-4075 
-3219 
2581 
2516 
-1538 
-24 
2714 
-2436 
3100 
-2135 
1446 
1408 
3662 
1275 
1300 
1076 
-736 
-2497 
-1937 
-3527 
-2068 
-1023 
-1338 
-2867 
769 
-369 
-3328 
-3316 
-430 
676 
371 
-1601 
-118 
3312 
1303 
329 
351 
-2539 
-3488 
-1893 
-1361 
-1754 
1920 
464 
-1156 
3404 
159 
-866 
-473 
-1418 
3254 
2593 
-415 
-2797 
-2690 
-569 
2124 
3459 
3512 
4021 
47 
-2506 
-521 
2983 
-1569 
-3087 
1422 
2220 
1731 
-2812 
-1650 
-2845 
-2258 
3889 
1037 
-2545 
-1938 
3275 
2435 
1122 
-1335 
-549 
3960 
1676 
-3167 
2760 
-2350 
512 
3780 
1602 
-2946 
-1096 
2628 
-1650 
1540 
3710 
2402 
-1811 
1358 
-888 
-1601 
2216 
-1717 
-3738 
666 
-3335 
617 
1265 
-2528 
962 
-3066 
876 
497 
614 
-1326 
3346 
-802 
374 
3640 
2246 
-343 
1425 
-657 
-3651 
822 
-3234 
2834 
3294 
-1979 
-3260 
-1463 
-878 
-3016 
4039 
-3263 
932 
2568 
2518 
-3962 
833 
-3057 
2303 
2588 
-841 
2532 
-3550 
-805 
-3061 
44 
3827 
-2952 
-3720 
547 
3620 
3178 
2263 
1894 
3421 
-4006 
2318 
1230 
-3259 
214 
707 
-1710 
-1158 
3656 
-3010 
-1897 
-2696 
-2938 
-660 
-3726 
510 
-2154 
-274 
-3846 
2700 
2308 
-1149 
2309 
-1947 
-3982 
1545 
1488 
3102 
-654 
1491 
441 
1211 
-3808 
1640 
-3422 
-1321 
-2019 
-3557 
905 
-177 
1852 
-3007 
2701 
-324 
-3028 
2208 
-3689 
-82 
3713 
-1377 
901 
-2421 
909 
1474 
1008 
2223 
-2058 
1825 
618 
-1226 
3372 
51 
-122 
1853 
1813 
101 
2365 
3273 
158 
3318 
-3618 
514 
1509 
-3040 
-3702 
2852 
618 
3989 
863 
4054 
-3176 
3607 
-2355 
1805 
-2268 
-134 
323 
3967 
-825 
479 
-115 
-137 
3973 
2750 
4000 
3315 
226 
-185 
3965 
696 
3294 
785 
1076 
-286 
1541 
3134 
-1566 
3296 
792 
2799 
-1059 
-3295 
728 
-2338 
2353 
-1470 
1177 
1944 
3846 
-1788 
-2635 
-201 
-92 
168 
1139 
4024 
-890 
-373 
-1847 
-1444 
-2990 
-1635 
-3020 
1825 
-2370 
1998 
1163 
1824 
280 
-628 
-2877 
-2744 
-3058 
1986 
-963 
-1848 
-2198 
376 
-834 
1707 
-1539 
3637 
-3105 
-778 
1264 
-1971 
-1321 
-3913 
-3668 
-1969 
-1168 
-2062 
-2924 
1272 
-2133 
-1001 
3220 
-2093 
222 
-699 
3443 
-3203 
-3936 
2769 
-1608 
-1859 
2191 
2743 
-2330 
-2670 
-2977 
1530 
1477 
3525 
-3057 
101 
-85 
584 
-3710 
-1510 
-1048 
-1610 
3782 
-1324 
3562 
-1895 
2326 
2550 
-1685 
1645 
586 
-3441 
-2379 
437 
-3934 
1178 
869 
461 
1633 
-1808 
1358 
2602 
605 
-2521 
3100 
3506 
-966 
-3451 
-2728 
33 
1617 
-1510 
-2817 
-3681 
2309 
3453 
3812 
-1775 
1074 
2645 
-1435 
2920 
-3693 
1368 
4090 
-3464 
2982 
-141 
-2176 
-2070 
3876 
3348 
-735 
3912 
-2074 
-2685 
-3258 
-2700 
-2789 
-2570 
-3802 
-283 
887 
2947 
2642 
-2263 
2014 
-1314 
-3036 
694 
2548 
-900 
3592 
858 
-2402 
-221 
680 
3198 
-2102 
-391 
-2414 
1652 
1113 
3004 
-134 
-3650 
723 
1532 
2960 
201 
4085 
1651 
3450 
4010 
-1318 
1032 
3753 
-218 
-2114 
1219 
690 
-2221 
3575 
-3809 
-1199 
1224 
2626 
-2323 
2700 
-3386 
731 
-1743 
-1893 
-3848 
-2832 
-2130 
746 
2593 
2589 
677 
1012 
-1238 
2160 
-3593 
1688 
694 
-107 
-2506 
1820 
-459 
-1232 
2020 
3947 
626 
1532 
-580 
-2073 
-2592 
3126 
-2784 
787 
3850 
-3858 
1368 
3475 
2455 
2742 
2747 
-2179 
2667 
-2947 
1254 
1501 
981 
-3434 
-1155 
1641 
-2755 
3486 
-2290 
808 
1915 
619 
-631 
913 
1096 
2976 
1947 
-654 
-3362 
3359 
2336 
-2659 
-2350 
-3830 
3136 
-3838 
3085 
4079 
-3020 
4056 
-1490 
2340 
2379 
2059 
2688 
1266 
-2207 
-1690 
456 
3974 
-2250 
4049 
-2056 
751 
2771 
3708 
-3267 
30 
-2459 
-497 
-2811 
-833 
130 
-1797 
-1240 
-2046 
-1064 
191 
3417 
-756 
3335 
-133 
-3723 
-1390 
1007 
2204 
-2907 
3791 
-3742 
-867 
821 
-3493 
-46 
-2569 
-388 
-172 
3498 
-2967 
1052 
572 
-406 
2016 
2628 
3137 
4054 
-3578 
-3350 
-3745 
852 
1740 
-4090 
-381 
-3723 
-483 
572 
2966 
-2934 
-472 
-1162 
2709 
3138 
-2850 
-1441 
-2133 
757 
-3141 
-4029 
3880 
-2240 
2670 
2268 
1622 
-3466 
1992 
3439 
-2902 
-736 
1364 
4029 
-2436 
2925 
1615 
3343 
705 
-3986 
50 
143 
-412 
2589 
-4085 
-3481 
-950 
2824 
-259 
1627 
-2651 
4025 
274 
-1495 
-2306 
1086 
3972 
-2551 
135 
3411 
-1226 
3879 
-3738 
-1053 
2579 
3491 
-1105 
-1461 
-1102 
359 
67 
135 
-2936 
-1728 
-559 
1602 
1481 
1630 
3114 
-3102 
2367 
-158 
-2723 
-1549 
3947 
-379 
140 
654 
-3395 
-301 
-3851 
740 
289 
-177 
-266 
2777 
3586 
3369 
929 
-3320 
-32 
-4062 
973 
2710 
-2296 
1862 
-3924 
-4075 
-624 
1415 
3438 
-859 
1507 
1103 
-210 
1419 
-2944 
3993 
760 
-2878 
-2415 
-2119 
569 
2277 
-1511 
1844 
3517 
826 
-1402 
2113 
2239 
212 
-356 
2363 
-2370 
-1556 
2198 
-2119 
1851 
1736 
-1570 
-65 
291 
-3857 
1733 
2755 
1338 
1389 
-4032 
-2383 
2872 
797 
335 
4048 
2537 
1861 
1913 
1095 
-1804 
2489 
2791 
-3664 
3275 
-578 
-4093 
1275 
3464 
556 
-1009 
3177 
-3374 
967 
-2493 
4003 
1323 
487 
-3542 
493 
-1007 
-478 
-549 
-2090 
-2913 
2623 
2734 
-3917 
-1210 
37 
-1599 
-3202 
-3666 
-3829 
931 
3875 
-370 
1301 
1316 
1026 
3653 
2754 
2159 
3357 
-2162 
-881 
-3255 
-959 
-164 
4001 
169 
-2074 
-3733 
-1022 
-17 
551 
381 
-2196 
-2437 
-2803 
-1022 
-138 
-507 
-685 
3602 
-478 
-1303 
-541 
1455 
368 
-2113 
1002 
-147 
-4093 
-4084 
-2194 
2097 
-3052 
2420 
871 
-2883 
-996 
-3023 
-3654 
-3818 
3341 
-2091 
-817 
1000 
629 
3183 
1473 
2861 
563 
-1405 
-3485 
3232 
-524 
562 
-3546 
1181 
1620 
3361 
-1900 
3760 
2530 
3321 
-705 
-996 
3025 
-3222 
-878 
-794 
-2074 
-1997 
1544 
2027 
3675 
-2036 
156 
1701 
-2749 
-746 
3516 
2621 
1347 
2650 
2224 
-1115 
-780 
248 
261 
170 
1397 
-994 
-1525 
-25 
2118 
-3453 
478 
3943 
1142 
-204 
1150 
377 
-1958 
-1306 
2631 
-2819 
-712 
452 
3641 
1576 
-3841 
999 
-2984 
-1989 
3058 
2135 
2426 
-2875 
-4063 
-3954 
1295 
53 
4000 
1584 
-2290 
-3027 
-2804 
-3113 
1463 
-740 
-460 
-2394 
339 
-1591 
1925 
4024 
681 
-1839 
-1068 
-625 
-3839 
2496 
219 
-2445 
3694 
3851 
3600 
-1805 
-59 
-852 
-74 
2329 
3448 
3843 
-3777 
-3152 
-971 
-1771 
2968 
-68 
-3910 
915 
2217 
3808 
3958 
-3440 
-602 
2764 
1181 
-3386 
-1640 
-215 
-390 
3290 
2685 
-3918 
-2561 
-3369 
-593 
863 
-2188 
-2340 
892 
4008 
2035 
-1874 
-1414 
823 
-72 
-4096 
-2543 
375 
2890 
747 
-3470 
3826 
1785 
-3629 
-2995 
1449 
-1036 
-875 
3873 
1123 
620 
2153 
3078 
3702 
-1922 
921 
-2945 
2493 
-757 
-613 
187 
-2707 
-2783 
2360 
772 
-1003 
474 
-620 
62 
-2357 
-2587 
1445 
2131 
-605 
2472 
1755 
798 
-766 
673 
-3083 
-561 
-204 
1939 
3179 
-2116 
505 
3003 
197 
-1843 
-3982 
3595 
3584 
-1587 
-2029 
-2142 
957 
-1671 
-3086 
-3605 
-3759 
4089 
2839 
3923 
860 
-3066 
1620 
2491 
-2470 
-2508 
-2150 
-1245 
605 
765 
-1308 
3327 
-1649 
-682 
-2160 
-1679 
3863 
2588 
1178 
2549 
-2012 
-179 
-3271 
3536 
-188 
3688 
-2169 
2036 
-2745 
-3253 
1945 
-1654 
3490 
2729 
1283 
-1758 
-3422 
3615 
1617 
-640 
-3358 
3798 
3156 
-2045 
2813 
-3872 
-2438 
-3727 
-3978 
1385 
-3680 
-3099 
875 
-3351 
-3321 
1545 
-1611 
2806 
1658 
763 
-2578 
-3033 
2253 
3367 
-2311 
-1332 
2418 
-3721 
-4088 
-1656 
3399 
1774 
1600 
3785 
-657 
-3375 
59 
-184 
3792 
-3480 
-509 
-3840 
-2580 
-2857 
-2309 
3027 
-2069 
-598 
-3865 
803 
-3489 
-1045 
-3555 
450 
2285 
2952 
1005 
2588 
360 
1164 
1377 
-1937 
1579 
-1004 
-2825 
-1118 
949 
1970 
-2253 
135 
1174 
-1710 
-3003 
3 
1726 
3710 
-2496 
3284 
-1170 
-1378 
-3628 
-3151 
-3892 
-738 
795 
-118 
3986 
-123 
-2480 
-3407 
-1513 
1434 
2209 
-1775 
2974 
3566 
3984 
-1221 
-3609 
2263 
1627 
-2200 
2024 
1920 
367 
-643 
-3300 
3790 
419 
-1029 
1578 
3985 
3565 
-1112 
-3938 
3712 
3292 
2499 
-2446 
-813 
656 
4092 
2209 
-1262 
-2154 
-412 
-580 
-3762 
3327 
1490 
-2861 
-2855 
1784 
3829 
2640 
3909 
1482 
3879 
-2580 
-3056 
2897 
3055 
1767 
-1337 
1672 
380 
592 
1624 
1618 
-67 
-3259 
3574 
-200 
2901 
2491 
2314 
-820 
59 
4039 
-1788 
-2268 
-254 
2878 
1993 
-120 
1404 
307 
-2241 
-2490 
-62 
1827 
-3671 
-4047 
1761 
-1325 
3979 
-393 
-3119 
888 
3760 
2535 
943 
-2368 
228 
-381 
-2010 
2160 
1101 
132 
-2807 
3820 
669 
1389 
-3502 
2295 
2283 
-443 
-2757 
1374 
1095 
-3813 
277 
-995 
1400 
1259 
2844 
-2347 
-1468 
439 
-2592 
-668 
3931 
-496 
50 
-3912 
569 
539 
4024 
-1014 
-501 
-2599 
-2753 
-3540 
1478 
-2661 
880 
-2821 
1293 
-3123 
2730 
-65 
-1543 
-2918 
-2679 
1808 
3539 
1818 
2358 
523 
3881 
-3260 
1921 
1750 
3231 
1543 
852 
2403 
-2278 
-1807 
-859 
3345 
-2008 
-3077 
2125 
871 
-2475 
-3422 
515 
-3385 
1402 
-534 
-1952 
-3285 
477 
2069 
-3737 
1440 
-4058 
666 
-3100 
-3745 
-3182 
-3830 
-1848 
-1824 
2680 
2717 
-166 
-75 
1449 
-2245 
1502 
-3728 
-3542 
2957 
2887 
-3711 
2275 
-1622 
-3807 
1731 
-3173 
-3468 
-1887 
-3242 
2361 
1769 
952 
3731 
53 
-1291 
-3735 
-3007 
-3600 
-520 
-1710 
1762 
1153 
2866 
274 
-795 
-985 
-1912 
2398 
4030 
-309 
2084 
292 
-1110 
2585 
3382 
-3482 
1484 
-1758 
-1446 
3206 
-1824 
1397 
-601 
-2371 
3751 
-2054 
2290 
-346 
637 
2137 
563 
-3291 
2467 
2686 
1742 
3022 
3335 
1705 
-1025 
-2442 
-1635 
-3548 
3557 
-866 
1483 
-1908 
1632 
1190 
-29 
3306 
3272 
2242 
645 
3882 
2402 
-2033 
1154 
-4060 
-955 
-3121 
-1224 
451 
-3740 
313 
3472 
-3712 
3412 
2818 
3283 
886 
2744 
-2119 
3391 
-1919 
836 
-3148 
1542 
-3773 
-3008 
1603 
-2569 
-916 
-1427 
20 
-3218 
975 
2327 
-1954 
3022 
2358 
-3751 
-1351 
1280 
2512 
1842 
-3685 
-3050 
2476 
2263 
2422 
-896 
1542 
-1995 
-887 
3596 
1484 
-2334 
3277 
-1176 
-292 
-1682 
2853 
2772 
470 
-1824 
-1210 
-351 
-513 
-3787 
-3380 
1891 
-2746 
2883 
1740 
-241 
2888 
2510 
818 
-2014 
2212 
3862 
-477 
1992 
-1900 
3328 
-3514 
1128 
3488 
-3702 
-2696 
-598 
-1205 
-2144 
-2482 
-211 
-2368 
-471 
3808 
3988 
-2967 
-3765 
3049 
-1371 
-3489 
461 
-362 
-3176 
2342 
677 
3877 
1464 
-1906 
2826 
-337 
-3322 
3171 
2912 
-742 
-2926 
-3083 
1104 
-3378 
-2533 
-3008 
-1680 
1804 
2248 
-3194 
-922 
-408 
-42 
3928 
-1071 
-1964 
498 
1403 
-3163 
1785 
-1208 
592 
-712 
3553 
-2892 
-1092 
3750 
1918 
-651 
2196 
-458 
103 
-853 
1651 
720 
-1169 
-3669 
556 
2625 
2515 
-2868 
2880 
3472 
-686 
2536 
1249 
17 
-1290 
-1479 
1577 
3243 
-1 
475 
4073 
-1017 
1982 
-2396 
-2832 
-860 
2421 
2197 
1954 
506 
1747 
2524 
3676 
-1652 
2859 
-1010 
481 
3128 
-848 
1325 
-2985 
-159 
-631 
2343 
2989 
1588 
2781 
1964 
2756 
-3997 
843 
-1070 
3651 
-3159 
323 
1986 
1095 
-1407 
3406 
-2906 
-3202 
-2097 
-1545 
-2920 
2847 
-3991 
60 
-3062 
213 
-920 
-2210 
-1737 
3516 
3934 
-1134 
-2336 
-2973 
-663 
-3904 
2967 
1372 
-1924 
-3030 
-687 
115 
-1027 
-3317 
-3305 
2237 
-1390 
-881 
587 
-4024 
-3390 
-1621 
-3071 
1417 
2383 
-3540 
2269 
3079 
-2801 
1786 
-3783 
-3902 
1786 
-1954 
-2948 
-1610 
3120 
3092 
-1708 
300 
-2171 
-3775 
528 
-381 
1912 
-690 
-1616 
-2472 
3641 
40 
2379 
1456 
3874 
755 
-1941 
2960 
2789 
-3500 
-3902 
-3707 
-519 
3421 
-682 
-110 
2012 
-3925 
-3370 
-2291 
-3385 
4047 
-1445 
-3904 
4023 
-2075 
-2439 
-438 
-3938 
1792 
3326 
-3860 
-4035 
1197 
-2961 
-2327 
1022 
-2418 
-766 
1218 
1907 
1533 
2206 
1160 
-1277 
-3060 
1902 
69 
-1977 
531 
1703 
-2607 
4017 
1732 
-3715 
-848 
3557 
2309 
-3618 
1751 
3470 
-1891 
3153 
-1148 
-2243 
-3032 
-3452 
-1717 
-328 
3873 
143 
3929 
4059 
2596 
3271 
-3011 
2238 
720 
2090 
-2920 
-97 
3508 
-1514 
343 
-2462 
3997 
3377 
769 
-1910 
-63 
-3630 
-371 
-1607 
650 
-2697 
3175 
77 
-2663 
3192 
-1652 
-1848 
-2299 
-2729 
-2586 
701 
-3882 
-1301 
1320 
-2258 
2540 
-2265 
-439 
784 
2167 
2924 
-3732 
2057 
128 
-1775 
-2267 
762 
2456 
1696 
977 
1457 
-230 
-1933 
-2621 
418 
527 
-3934 
-103 
-2161 
3511 
-2008 
3491 
1969 
2103 
3351 
-732 
-3408 
4078 
1608 
7 
-3500 
2300 
2272 
-1154 
-390 
577 
-413 
-3431 
-2904 
-4039 
227 
94 
-738 
54 
-417 
-3343 
-2700 
-163 
791 
278 
1621 
3297 
-395 
3425 
1703 
-1247 
-541 
-3575 
2811 
-3287 
-2020 
2831 
-2918 
800 
-1653 
-1429 
-1738 
-3253 
985 
1572 
-2913 
1272 
-4030 
1849 
-3378 
-1888 
-3230 
2654 
3307 
-3977 
821 
-3467 
-1438 
-760 
2975 
3348 
2915 
-1181 
1466 
2798 
2112 
3784 
364 
2399 
1417 
300 
885 
-790 
-869 
532 
-932 
-1096 
2313 
-550 
834 
3396 
744 
-3878 
980 
-3054 
-1224 
2920 
-2500 
1714 
-3783 
2525 
-682 
-501 
1313 
1446 
316 
1036 
-399 
-3195 
1514 
-2927 
-3476 
2710 
-313 
2708 
-3287 
3904 
-2810 
-1809 
-1314 
-2999 
-1979 
3185 
-1218 
-2135 
-909 
-2859 
2255 
1264 
1810 
3506 
-1805 
1573 
-223 
2996 
-3508 
3819 
-3888 
1348 
3742 
1019 
-6 
2385 
1906 
2162 
1564 
3988 
237 
1883 
-3533 
-3540 
3510 
-2712 
3998 
407 
-1600 
-452 
-572 
-517 
-330 
441 
2849 
313 
-3403 
3916 
-2816 
-2795 
2146 
2991 
323 
-1217 
1659 
1181 
927 
1905 
-743 
-2184 
-3091 
-272 
-1777 
1080 
3000 
-423 
-1100 
-3073 
3784 
-2846 
-3826 
4081 
-3444 
454 
-1533 
-720 
-934 
-3961 
-175 
139 
3376 
3798 
2029 
171 
3478 
817 
3584 
3918 
3208 
3750 
-2637 
-2132 
-727 
-1165 
1398 
1518 
-1996 
-1208 
1427 
3086 
1219 
-792 
810 
-2629 
-1681 
3184 
-2195 
-2556 
-1967 
-1387 
1530 
1468 
2321 
-526 
3239 
3381 
2534 
-1729 
-3283 
-1392 
1852 
2011 
-1271 
2473 
-1827 
-2246 
-3943 
-3212 
-2170 
-3409 
1752 
2048 
-118 
3166 
586 
-2781 
-3670 
-3628 
1795 
-4041 
-2941 
1776 
1314 
-571 
3367 
-1277 
2485 
-192 
1904 
-1663 
1003 
1120 
1383 
2858 
3112 
2442 
1290 
-1569 
357 
-3360 
3171 
4044 
-480 
-2180 
681 
-1433 
1995 
-1291 
-1294 
-80 
-2042 
-803 
-2129 
3378 
-653 
-861 
2115 
3640 
517 
257 
447 
934 
1551 
-3929 
3396 
-3471 
2879 
-2189 
-1902 
-700 
-1722 
2372 
-2809 
-2657 
-1654 
2004 
3833 
-2675 
-3773 
381 
-1940 
1170 
3288 
-2186 
2143 
-1250 
1770 
-741 
449 
-3107 
3276 
-4051 
1263 
-3788 
-644 
2896 
-3029 
2190 
-1108 
-583 
-3510 
-3843 
1111 
-3543 
-3318 
1486 
-2230 
3608 
2933 
-3762 
-3151 
625 
1741 
-1188 
1818 
2273 
127 
2398 
15 
-3581 
-268 
-1648 
-2522 
3803 
-744 
3695 
-3995 
-515 
-3010 
1329 
31 
1200 
-2775 
-2979 
2983 
-336 
-3497 
2082 
2644 
-3386 
-203 
-429 
-2861 
1144 
-2666 
2924 
-1057 
-4 
-2522 
3802 
1875 
1844 
4003 
1035 
3029 
-506 
-296 
1498 
-1617 
2400 
3378 
1367 
2273 
1036 
410 
-2269 
-1628 
3148 
-194 
676 
-3284 
3870 
3204 
-700 
-1383 
-2999 
-3217 
3425 
-1 
4058 
2414 
694 
3718 
531 
-3663 
3481 
1563 
-3667 
-1801 
3678 
-1676 
-3543 
63 
-4001 
571 
500 
-1046 
-3905 
169 
800 
-1115 
-3487 
-812 
3089 
-742 
-968 
176 
-1676 
-607 
1160 
-876 
922 
1916 
-787 
-1932 
-3647 
-1054 
3361 
-836 
3735 
-207 
3079 
-3162 
-3677 
-2262 
-1599 
-3333 
4003 
4059 
-444 
-3166 
3069 
869 
-2874 
3547 
-3376 
3955 
3788 
1083 
-2358 
696 
-803 
-1143 
-2073 
-3430 
1419 
-3935 
-280 
-68 
-2604 
-2020 
431 
-479 
-3220 
3278 
-1565 
1651 
3945 
-1255 
-3146 
337 
-2321 
222 
3585 
4021 
-3680 
-633 
-252 
-2744 
-3887 
-2650 
1629 
2106 
-586 
-936 
2570 
-133 
649 
3356 
2855 
-3442 
-125 
3708 
267 
2116 
-79 
-2829 
-606 
-1378 
1194 
642 
-3566 
-1499 
1878 
-271 
975 
2499 
-2628 
-726 
663 
-3289 
933 
145 
295 
903 
266 
216 
3241 
-2151 
-2997 
2692 
-4066 
3476 
1927 
-681 
1674 
3110 
2857 
-3944 
2990 
164 
2517 
2041 
369 
1300 
813 
-1085 
-1934 
-918 
3620 
1420 
2861 
-3797 
-2524 
-1557 
593 
-2607 
-172 
570 
-3556 
-3913 
-3916 
-3561 
3615 
-2759 
-1451 
3811 
-3050 
937 
-1379 
4063 
3587 
-1669 
118 
32 
-374 
1486 
-584 
-579 
-1065 
-2817 
-3069 
-1927 
-1745 
3285 
1850 
1052 
-2536 
-1219 
35 
-485 
-921 
2434 
3306 
-1547 
-1414 
-2179 
-2647 
-1103 
-3707 
3177 
2858 
975 
-897 
2244 
-988 
-2914 
3287 
-470 
-1836 
1803 
-279 
846 
-1763 
1648 
-1921 
-1021 
-3304 
-1697 
1102 
-739 
-201 
3005 
727 
-1203 
1451 
3957 
-663 
-3717 
-3237 
-1949 
-3045 
-1716 
-3384 
434 
-3275 
3735 
-4 
-3226 
-2814 
-3981 
-1376 
2831 
1875 
2217 
1270 
2163 
2764 
-3831 
-1276 
3118 
1670 
-2230 
-2481 
2397 
-713 
-3851 
-2486 
-1116 
3996 
3081 
3272 
-109 
-86 
3365 
876 
1175 
-922 
-912 
2234 
-486 
-3859 
3801 
-1590 
1507 
2778 
1565 
-3446 
-524 
-3202 
4074 
-2093 
3545 
-1580 
166 
-1136 
-3675 
1194 
-3358 
3659 
-3624 
1898 
-128 
1767 
1999 
-3754 
3707 
203 
-775 
-492 
-2757 
-3221 
2452 
-2724 
2048 
-3973 
1548 
600 
-1594 
-331 
-287 
-2744 
1200 
1781 
2868 
-973 
1712 
1161 
2376 
-1499 
-2012 
-2657 
-1933 
1437 
3742 
-2317 
-2638 
1009 
1143 
-1857 
-387 
-1226 
2174 
-3894 
-627 
2365 
181 
1505 
-1987 
1121 
-1209 
-2265 
-3627 
-3746 
2785 
556 
3949 
1423 
3147 
-549 
-2889 
649 
3252 
3965 
-1099 
-3620 
2188 
4029 
-1492 
-510 
3303 
3655 
-1068 
-1904 
-1878 
-2765 
1122 
-1391 
2744 
-420 
1348 
-2187 
1879 
-1522 
-2457 
-1981 
-2531 
-3617 
-773 
3170 
-1137 
1923 
1523 
2140 
-809 
3037 
-1346 
-2371 
513 
1950 
3285 
-1694 
-1177 
1837 
193 
-2775 
-894 
-2756 
-1287 
247 
2224 
582 
-3562 
3050 
2685 
-2482 
-3178 
-968 
3026 
2571 
3250 
1537 
-1331 
1471 
-3447 
-3295 
-2661 
-2152 
-351 
3440 
-2682 
1791 
-3468 
-2943 
-3666 
3145 
-1481 
1628 
2986 
-277 
-3896 
-555 
3899 
2913 
-3594 
3420 
-1313 
-924 
-1449 
-2735 
-492 
475 
759 
-3460 
-2904 
-2411 
420 
1104 
2681 
-1251 
2979 
2314 
-1317 
3983 
-102 
-700 
238 
3171 
-866 
1937 
1620 
-110 
2045 
2591 
-3298 
2273 
-1343 
-1065 
-3784 
4069 
3142 
1829 
-2149 
-2603 
2830 
1064 
852 
-1029 
581 
2548 
-4075 
-2096 
-876 
-3720 
1404 
3088 
1889 
1416 
1125 
-3658 
-1995 
3471 
2058 
1598 
1476 
451 
-2925 
2585 
2904 
-885 
-3860 
2458 
-2448 
-2018 
2258 
1203 
2192 
-3394 
3821 
2719 
-1638 
-2335 
-994 
-3068 
-1974 
-505 
-1469 
-1852 
1607 
-3774 
1278 
-1513 
2963 
3445 
-2659 
-3371 
681 
-848 
-2115 
-61 
-3030 
-3539 
3902 
-1468 
-4025 
2670 
1559 
-2349 
3836 
2598 
3833 
3405 
-1677 
-3956 
-1459 
1431 
-3784 
-109 
3118 
-2944 
-1743 
3649 
-2529 
433 
1098 
1869 
-2515 
460 
2852 
1409 
-1483 
1008 
-3616 
3315 
2465 
-522 
3754 
1691 
1809 
75 
3943 
1241 
-256 
3319 
3800 
647 
1672 
2860 
-211 
2644 
-4028 
2649 
-3960 
1424 
-1139 
-3983 
-599 
1090 
1883 
1146 
61 
-570 
-2626 
-1907 
2597 
563 
-1234 
-4070 
-1255 
1972 
-2267 
3483 
3154 
489 
-2484 
3418 
-1856 
1946 
-991 
1033 
811 
3917 
-1897 
1011 
3956 
-2442 
2165 
-1534 
3487 
-1933 
-881 
-2537 
2128 
-20 
17 
3221 
-1393 
-1120 
314 
-4083 
-257 
-1760 
1812 
2819 
923 
1699 
-3389 
3658 
-2328 
-1925 
2614 
-2418 
1377 
-2730 
1641 
-2958 
1855 
2841 
1943 
116 
4029 
-1939 
-1686 
-693 
-10 
3782 
-2097 
-2089 
2478 
3620 
-250 
1628 
-3295 
-2541 
4015 
-2442 
-371 
-1067 
1761 
404 
199 
-4059 
-721 
-2732 
-696 
461 
881 
3079 
-306 
-2372 
-884 
2431 
-426 
-3525 
-2225 
2667 
-1268 
698 
3730 
-670 
2610 
2146 
-3944 
-1368 
815 
-1383 
-2641 
3112 
-2025 
-2378 
-1319 
1417 
-2905 
-2599 
3427 
-3354 
-3109 
225 
-3521 
1059 
-2491 
3490 
3631 
-2459 
2502 
-1505 
1550 
590 
1493 
1158 
29 
1173 
56 
2256 
-853 
2596 
-2704 
-2483 
-335 
-567 
2327 
-663 
-3890 
-3035 
3801 
-851 
726 
-3042 
4082 
-642 
1472 
-3008 
-2366 
1683 
2594 
3702 
-561 
-1306 
-2123 
1475 
-2490 
1451 
1707 
-1852 
-1871 
2933 
-2618 
3761 
1678 
-3927 
1868 
1108 
2773 
-2271 
-973 
-2350 
-1780 
2254 
-489 
-3810 
-836 
-1827 
4067 
-168 
-454 
-2570 
-3716 
3124 
1311 
-1572 
1911 
1453 
-666 
1653 
-926 
-121 
753 
-184 
-1423 
1697 
2442 
3828 
2631 
-896 
-114 
-2071 
-960 
3797 
451 
2645 
-2492 
-2834 
-1447 
-3664 
-2214 
2540 
-2182 
-3433 
-369 
-749 
-1296 
-413 
3004 
-3149 
2265 
-1625 
-1569 
-2653 
-941 
-3288 
1157 
3348 
-1083 
3032 
2293 
-551 
-3797 
-2041 
2454 
594 
3054 
-576 
-983 
2998 
2197 
2799 
1157 
2235 
3652 
-3063 
-3124 
992 
-1331 
3368 
844 
-96 
1159 
-2621 
491 
664 
-502 
2690 
-2140 
-3334 
-718 
-3953 
1197 
-913 
-2546 
1796 
1783 
-525 
1690 
524 
-3459 
3991 
-1085 
583 
-2706 
-2035 
3981 
-1373 
979 
3525 
-400 
1784 
3483 
-3759 
3163 
1008 
2631 
-3381 
-761 
2436 
-307 
2221 
-864 
-73 
-1698 
1323 
3084 
2638 
1316 
-1230 
-818 
-2960 
2888 
1066 
2996 
1572 
2291 
2977 
1502 
-3803 
660 
2535 
-1592 
-1228 
-460 
3924 
-461 
-888 
-3680 
2126 
3074 
2309 
2319 
2103 
2094 
450 
2380 
1217 
-1672 
-2176 
2519 
-1219 
3453 
435 
-1442 
-3943 
3284 
-1183 
-3829 
1857 
460 
-2055 
3996 
-3155 
1307 
-536 
-1208 
537 
-1057 
320 
-3429 
-3503 
4011 
504 
-2722 
-4051 
-3629 
776 
2535 
2373 
1112 
-1467 
2530 
1663 
-1121 
-729 
3332 
2139 
870 
660 
-989 
4075 
-355 
2576 
2427 
-91 
1349 
-3711 
-2214 
976 
3402 
1263 
1033 
-1238 
-2837 
144 
-635 
-211 
-2031 
-3208 
450 
3676 
4024 
-2594 
1642 
199 
1636 
3397 
-2387 
-3441 
216 
3324 
1450 
1448 
-3326 
2922 
-1460 
-1279 
542 
-3042 
-2553 
3291 
-3392 
-3847 
-2504 
-768 
-1705 
3836 
-4034 
2 
705 
-2072 
1964 
1042 
3868 
-3512 
-702 
528 
-1650 
-544 
729 
-8 
-1212 
-3827 
-588 
-2571 
-519 
-3790 
3425 
3521 
-1286 
140 
3064 
3300 
-2220 
-1959 
-675 
3352 
-2637 
1985 
2662 
-2465 
1026 
-759 
-3353 
75 
18 
1282 
-918 
997 
1507 
2050 
-999 
-105 
3845 
3743 
-2120 
-2350 
-59 
-3198 
-506 
3955 
2380 
-3373 
2538 
155 
-3223 
2121 
-1749 
3517 
-1374 
-68 
-180 
-959 
3400 
-1034 
3205 
2774 
-1566 
1391 
2218 
-3219 
-3640 
-152 
-2002 
486 
-1417 
-3398 
-3972 
-1418 
3859 
-1855 
3946 
-361 
361 
116 
734 
-3064 
3921 
1674 
2434 
-2352 
3948 
-2116 
44 
-21 
2182 
100 
-3624 
-3037 
869 
-801 
1868 
-2033 
-3597 
-2667 
-1719 
-1355 
972 
2820 
-1258 
2973 
-1482 
2730 
-594 
2719 
360 
-3018 
-670 
388 
-2533 
3410 
58 
1263 
746 
1473 
-3394 
-3445 
1412 
120 
-2029 
1685 
-270 
562 
-1284 
-326 
-1467 
655 
-2967 
-3675 
-1786 
-1844 
1296 
626 
1154 
1254 
-2045 
153 
-474 
-606 
-4 
-691 
2167 
-2865 
27 
-189 
-365 
1495 
1774 
-2191 
2885 
-2507 
253 
625 
-906 
-3812 
963 
-1587 
-2372 
825 
3294 
-3775 
-1513 
-3139 
427 
550 
4046 
3412 
-3078 
2667 
-407 
1044 
2238 
-573 
-70 
-1451 
-1817 
1002 
2976 
661 
-1106 
1016 
-612 
2699 
-3895 
-2950 
415 
3342 
-3552 
1438 
-882 
-694 
-2837 
1211 
-747 
3106 
3144 
3866 
531 
1510 
2538 
-3907 
-3039 
3442 
-25 
-4036 
-3835 
-2779 
-3955 
2817 
-1444 
1340 
748 
-5 
1748 
526 
-2798 
-2277 
-1994 
-70 
-694 
416 
858 
-1818 
896 
-2999 
-871 
-802 
-3611 
3502 
-2267 
2083 
2677 
3959 
969 
2178 
-2631 
2683 
142 
2263 
2427 
-4013 
-1141 
-656 
-2908 
-2307 
-2683 
-1215 
3311 
3649 
-3444 
821 
3208 
3626 
-2428 
-36 
3874 
-4068 
53 
-784 
-3639 
-1610 
3736 
-1463 
-714 
3301 
2541 
2779 
-1183 
2247 
-2814 
1378 
-2551 
-3167 
-1036 
-3944 
277 
2531 
-387 
3727 
559 
3531 
-2547 
1984 
942 
-285 
3751 
-3464 
-541 
-1537 
3859 
165 
1348 
1665 
1465 
3600 
-1914 
894 
3783 
-3455 
1794 
2212 
-1265 
1224 
2318 
-115 
-3568 
219 
-3561 
-3755 
-3377 
-46 
942 
-1377 
-1035 
1326 
699 
-3645 
813 
514 
-1397 
-624 
-854 
-1434 
-367 
-2162 
3502 
-1787 
610 
3651 
-2040 
-1259 
-3356 
-4054 
2314 
-2467 
-3184 
1832 
3534 
-1091 
2958 
190 
-1531 
-3698 
-3889 
-2470 
-2018 
2019 
2195 
-1347 
1028 
212 
-304 
1821 
-101 
2849 
3808 
476 
3509 
-2412 
2682 
1988 
2226 
-2388 
1984 
-3591 
-3408 
1968 
-112 
2588 
-1407 
91 
-1283 
-1559 
105 
2492 
1558 
1448 
-2569 
2434 
2269 
-3066 
2934 
-2028 
700 
2333 
686 
-3493 
886 
1492 
387 
930 
3410 
3011 
-222 
-1469 
553 
-554 
-749 
-1258 
-2047 
3957 
744 
3405 
1597 
323 
2424 
-1985 
-1317 
307 
-1133 
1322 
1277 
766 
-2019 
-3311 
299 
78 
-25 
3545 
2548 
-3620 
958 
978 
-3953 
2936 
301 
3544 
797 
3549 
670 
-1070 
3535 
1808 
1883 
1562 
2382 
695 
-2453 
3826 
39 
312 
730 
-2206 
-1995 
437 
-259 
-4043 
364 
1645 
-2622 
-1806 
2999 
-633 
-2911 
101 
2139 
1139 
1639 
-4070 
-1107 
90 
-2246 
-34 
2587 
419 
-2540 
97 
-3250 
-2255 
-3860 
-1188 
-3924 
-3140 
-1824 
-1639 
1755 
-751 
1461 
1956 
-2561 
918 
1679 
-1160 
-3997 
3423 
3253 
-3909 
-2572 
2594 
-3969 
-573 
973 
3650 
-877 
1878 
-640 
3947 
-2665 
2188 
-3443 
-1350 
2526 
-3584 
475 
3421 
-3244 
2384 
185 
-2149 
-2853 
-2188 
122 
3641 
-3604 
-1978 
-2176 
3933 
2995 
-906 
3917 
-3602 
454 
3210 
3133 
3657 
-2429 
2431 
-886 
-2698 
-3775 
3635 
-67 
826 
-946 
-1203 
1563 
1219 
3089 
2778 
1672 
223 
-3475 
1411 
2692 
2491 
-1954 
2928 
-1726 
-16 
-3198 
1849 
-38 
-3578 
466 
2490 
-1129 
-2922 
3988 
-142 
-1723 
2444 
-2068 
2072 
-1969 
2004 
1154 
-3533 
-4056 
2234 
-3371 
-2107 
656 
-3720 
-2965 
1783 
1015 
-3154 
-1783 
2061 
-400 
1968 
-175 
-2550 
-3464 
701 
58 
3174 
1659 
-223 
-600 
-925 
2539 
1216 
-832 
-61 
-2082 
2281 
-1243 
1104 
1922 
222 
1294 
2272 
1115 
-1099 
-1141 
-689 
-2524 
4012 
-1647 
1446 
-160 
428 
1755 
-428 
-2955 
-3440 
1408 
2879 
-3365 
-348 
-2368 
911 
3257 
-876 
2585 
-2879 
199 
2228 
1176 
963 
-498 
2292 
-1073 
3036 
3998 
227 
1552 
-1756 
-979 
470 
2060 
3395 
-1499 
-1444 
-574 
3721 
439 
-825 
526 
1546 
-2456 
3127 
1504 
3007 
-1832 
-3381 
-2415 
1921 
993 
1164 
1119 
-1377 
-2361 
-2342 
-29 
-2922 
3626 
-1230 
2753 
-3460 
-3959 
2025 
1829 
-2536 
4044 
-2259 
-242 
95 
2567 
-3398 
2908 
-3405 
29 
-1149 
-4074 
117 
3189 
3024 
3117 
-1074 
-2229 
-320 
1196 
4089 
3485 
-1254 
-3075 
-1545 
-2803 
3130 
3071 
1735 
-92 
256 
-2995 
466 
-1853 
-2382 
-2870 
1206 
-137 
1970 
-2260 
-507 
-788 
-1636 
-1630 
-3914 
2028 
-1087 
-3675 
755 
3170 
2329 
532 
3740 
-3994 
3103 
1291 
3713 
3281 
41 
-3335 
3193 
3999 
-3094 
-2019 
2181 
94 
-1679 
3014 
-1767 
-533 
3954 
1269 
4093 
1930 
2168 
-1222 
-1169 
1561 
-1506 
1488 
-655 
-2855 
-7 
2903 
-679 
-1796 
3080 
-3926 
1130 
3283 
-2685 
774 
3133 
3376 
1065 
-3893 
1080 
-2182 
854 
880 
-2340 
-1089 
-175 
1374 
960 
-3236 
1797 
-2189 
2438 
460 
3090 
-724 
1121 
1768 
1560 
1363 
-1801 
-1933 
-1766 
-3659 
3436 
-1599 
-1651 
-2791 
4056 
3490 
1418 
1737 
3093 
3648 
1471 
2518 
3037 
-3179 
518 
4067 
818 
642 
-2590 
67 
1400 
-1964 
-2725 
-3703 
2671 
-3931 
-3865 
781 
-56 
881 
-1837 
763 
1568 
-2248 
2390 
2903 
-2408 
-2571 
-413 
-1158 
3890 
1295 
559 
-3133 
3308 
-2250 
3590 
-2407 
-2520 
-2299 
2228 
-853 
173 
-1742 
-37 
-3113 
1144 
2677 
-2677 
485 
-299 
4009 
3490 
2061 
-755 
-897 
1880 
3278 
-138 
-2272 
2156 
529 
-253 
1142 
-2666 
254 
-3644 
-1118 
3722 
2061 
-2753 
3871 
-3040 
-388 
-2469 
-3350 
2498 
-4087 
2504 
-1889 
1664 
-1567 
-3915 
-3475 
1842 
3124 
1349 
-926 
-2617 
-1717 
-1848 
3951 
61 
-3449 
-1694 
3173 
-950 
-857 
2736 
3631 
3888 
3912 
-4014 
-849 
2144 
-1987 
-1005 
3314 
2645 
-3291 
-1034 
3078 
-3626 
-3558 
-519 
-3987 
-668 
1923 
1200 
-4046 
1394 
1361 
1442 
260 
-3227 
1721 
578 
2661 
-371 
2486 
-51 
731 
-1472 
497 
-1905 
1981 
2170 
818 
4069 
-319 
-674 
877 
1634 
-3592 
-4079 
2383 
3906 
3725 
1505 
-1530 
3565 
-2596 
2382 
3629 
2246 
3450 
-726 
-3680 
-777 
1796 
-2620 
2969 
2539 
2989 
-1649 
3214 
-472 
3116 
3611 
1409 
-3024 
-3071 
1333 
-1367 
1360 
804 
-3161 
654 
236 
-3110 
-2998 
3350 
-2596 
-3799 
-358 
-2512 
1351 
1696 
482 
172 
-2777 
-1447 
-1472 
-1293 
-2805 
2369 
2560 
3306 
-3663 
643 
2570 
2169 
2308 
3554 
-3221 
-3441 
1194 
431 
2337 
1541 
2152 
3239 
-2801 
2766 
-2883 
27 
-1622 
-1790 
1210 
1117 
-1812 
-2242 
1878 
-2141 
2481 
-2439 
-891 
1134 
-3668 
2706 
-1780 
986 
-3777 
3832 
-3276 
-3709 
2071 
-3247 
1625 
-2459 
-2085 
1520 
-1242 
-316 
-3360 
-1127 
765 
-3483 
1869 
2073 
-3309 
4016 
-2735 
-3006 
-1775 
18 
-2506 
-14 
-3899 
273 
2209 
-643 
2054 
-1816 
1696 
-1037 
246 
-3192 
-2112 
-3003 
68 
-750 
-3233 
-2137 
1831 
-301 
-2367 
-1561 
402 
-3061 
-3376 
-175 
32 
-3378 
-774 
-3605 
-3904 
3243 
3592 
-2733 
-2383 
-1550 
1093 
-3385 
3205 
1070 
-3760 
-1767 
-974 
-3894 
2024 
-336 
493 
4085 
3435 
-3892 
3378 
-2364 
-3393 
3069 
-501 
-1252 
174 
414 
-2402 
-410 
-372 
3979 
-754 
-183 
3019 
-2562 
-3931 
-2610 
-2722 
-100 
-414 
-2238 
4014 
3483 
-1429 
1059 
-3528 
687 
-3665 
591 
-1911 
-1893 
3235 
3436 
1855 
-3095 
554 
2194 
3535 
3560 
-1802 
-3075 
-2586 
-2674 
-1028 
2757 
-126 
1058 
279 
1408 
2224 
-3534 
736 
828 
-2329 
-2795 
-1467 
2405 
-438 
3652 
-3688 
-1504 
2899 
-684 
-3876 
-193 
-3339 
1430 
-205 
3144 
882 
-1026 
-3181 
1394 
3899 
916 
-3703 
567 
22 
-3528 
-2342 
-1207 
-1470 
-3855 
-3141 
-3004 
3887 
1677 
-334 
-669 
535 
-2435 
-1044 
-1803 
-2993 
-561 
-4010 
-2013 
-650 
-3336 
1226 
-997 
4022 
-3669 
-2848 
-1638 
-1846 
-1876 
-511 
-163 
-2675 
3231 
-3333 
2869 
2884 
-2126 
-1566 
2108 
-870 
-1119 
-2120 
2854 
-1792 
705 
1851 
988 
3700 
-2267 
3412 
-403 
3179 
-410 
-3202 
3623 
-3391 
-18 
-1318 
1542 
-3264 
1454 
1003 
-4066 
3026 
3936 
-1978 
1192 
2702 
804 
3019 
-3954 
1167 
1993 
2270 
-2499 
376 
2615 
551 
-1410 
1603 
1667 
2099 
-261 
-3228 
775 
-1302 
1567 
-3965 
-1965 
1616 
3550 
-3925 
-1609 
3479 
-1233 
-469 
-2044 
-2972 
-2812 
-58 
-1460 
-153 
3863 
-28 
4030 
-719 
-3542 
-3757 
-3244 
-2375 
3403 
-122 
3858 
-3238 
2660 
3662 
870 
-3206 
1483 
-2269 
2658 
953 
-2588 
-3554 
-1859 
585 
3028 
2883 
924 
-3424 
881 
2338 
1575 
-70 
-461 
2449 
-3840 
-1809 
-2313 
-3922 
1412 
1379 
727 
3000 
-3059 
-1842 
-3238 
-2430 
3619 
982 
-3928 
2563 
-1731 
-1616 
-621 
-3099 
3153 
-1273 
-2870 
479 
2262 
2117 
-2619 
-1078 
1901 
-2547 
-3093 
-1525 
2431 
-1836 
736 
2939 
-783 
1947 
-952 
248 
-2327 
353 
-485 
633 
2248 
481 
-3427 
359 
-1711 
3335 
3424 
-1949 
-395 
1800 
-1466 
-2523 
-446 
2721 
3726 
-2335 
-1418 
-2361 
-4033 
-198 
3933 
3835 
-1749 
2479 
-3981 
2586 
2283 
434 
2470 
3461 
-3827 
36 
-3910 
-160 
-1570 
3775 
1583 
2696 
2587 
399 
3736 
4030 
-3300 
3988 
-852 
-346 
-3016 
-1761 
-1737 
479 
1684 
269 
2262 
3440 
3602 
-503 
-1641 
3769 
-1812 
1241 
1341 
4028 
-2442 
-1575 
584 
-3519 
-3098 
-2677 
129 
1610 
-659 
2316 
-3923 
3206 
-3838 
-115 
3485 
-3543 
-3754 
2335 
2921 
1778 
-3521 
695 
-3001 
3667 
4053 
-1153 
3782 
1516 
-219 
3786 
-3027 
-1879 
-175 
-2581 
-2590 
2174 
-625 
2275 
1057 
169 
890 
1767 
1642 
-2571 
-10 
-3963 
-2569 
3785 
-498 
55 
-2874 
-776 
1588 
-3967 
-4012 
2468 
-788 
331 
-105 
4067 
-3561 
2758 
301 
1219 
-2228 
216 
874 
-2139 
-2473 
-606 
1614 
227 
3489 
-2320 
671 
2244 
3265 
-556 
3255 
-2456 
665 
2053 
-3725 
-612 
1998 
2630 
-3026 
2221 
-2218 
3475 
819 
-2748 
-1027 
-2794 
-1547 
-1115 
-1573 
-3548 
-1116 
-2055 
1715 
294 
3076 
-2737 
2652 
3255 
1713 
2141 
665 
1060 
3533 
-1707 
755 
-1396 
-3974 
-3025 
1214 
-1403 
2041 
1801 
1287 
1719 
2273 
1929 
2556 
1480 
-2513 
-3843 
-1934 
-1083 
1994 
-1221 
2450 
1215 
2161 
2360 
576 
1575 
2613 
-3829 
4075 
-1409 
